1 0.371828125 0.6938173302107729 0.53975 0.5775175644028103
1 0.6878046875000001 0.3713114754098361 0.020234375 0.028524590163934424
2 0.3383203125 0.28955503512880565 0.23135937499999998 0.2939110070257611
0 0.764640625 0.42627634660421543 0.25187499999999996 0.30562060889929743
0 0.155171875 0.3927049180327869 0.26237499999999997 0.2629274004683841
0 0.6436640625000001 0.35864168618266984 0.066109375 0.07620608899297424
0 0.5699531250000001 0.38005854800936767 0.1105 0.17641686182669788
0 0.6642578125 0.3126463700234192 0.051546875000000006 0.05166276346604215
0 0.9196484375 0.38667447306791575 0.11001562499999999 0.15976580796252926
0 0.5 0.3878220140515222 1.0 0.1756440281030445
0 0.7090703125 0.2953512880562061 0.058390624999999995 0.053372365339578454
0 0.9591328125 0.3163934426229508 0.062765625 0.054847775175644035
0 0.9679609375 0.2992037470725995 0.062734375 0.041170960187353625
0 0.8248906250000001 0.31076112412177986 0.03028125 0.03899297423887588
0 0.699203125 0.3178220140515223 0.07240625 0.05199063231850117
3 0.5259765625 0.2533957845433255 0.15201562500000002 0.10192037470725997
0 0.8188515625000001 0.28262295081967215 0.037328125000000004 0.041170960187353625
