3 0.31575 0.5931145833333333 0.16421875 0.2483125
3 0.6336484375 0.3375208333333333 0.079515625 0.09570833333333333
2 0.550671875 0.4305416666666667 0.0668125 0.098625
2 0.92653125 0.65821875 0.12796875000000002 0.1441875
2 0.811703125 0.5413958333333333 0.09396875 0.10508333333333333
0 0.0969296875 0.8810208333333333 0.148578125 0.16191666666666665
3 0.6408671874999999 0.2797604166666667 0.059390624999999996 0.04572916666666667
3 0.694140625 0.31489583333333326 0.05240625 0.07845833333333332
3 0.546609375 0.2333125 0.028687499999999998 0.021208333333333333
3 0.5416015625 0.3403541666666667 0.05532812499999999 0.06791666666666667
3 0.6140390625000001 0.4070104166666667 0.080578125 0.12822916666666667
0 0.074515625 0.9381041666666666 0.1489375 0.12379166666666667
0 0.1585234375 0.6887500000000001 0.122265625 0.18725
0 0.08451562500000001 0.6126666666666666 0.0831875 0.10054166666666667
0 0.334265625 0.7686145833333333 0.1111875 0.13177083333333334
0 0.127609375 0.5398229166666667 0.077625 0.07235416666666666
0 0.2201640625 0.5095625 0.061640625000000004 0.04804166666666666
0 0.20057031250000001 0.4673645833333333 0.070203125 0.07935416666666667
0 0.2676796875 0.40619791666666666 0.037484375 0.041979166666666665
0 0.6465859375 0.7300208333333332 0.107171875 0.11804166666666666
0 0.6842265624999999 0.88059375 0.14029687500000002 0.1726875
0 0.95 0.9641979166666667 0.1 0.041979166666666665
1 0.5452109375 0.70090625 0.024921875 0.0559375
2 0.80325 0.6408333333333334 0.11446875000000001 0.11887500000000001
2 0.6015937499999999 0.40323958333333326 0.10887500000000001 0.1256875
0 0.089484375 0.7879583333333334 0.14246875 0.148625
2 0.3126015625 0.33617708333333335 0.053859375 0.06310416666666667
2 0.34852343750000003 0.2990520833333334 0.025984374999999997 0.03135416666666667
2 0.8699296875 0.8634479166666668 0.160546875 0.19989583333333333
0 0.5 0.6416666666666667 0.99375 0.7125
