0 0.064171875 0.7083227848101266 0.0555625 0.056265822784810134
0 0.140140625 0.7010759493670887 0.07615625000000001 0.053734177215189874
0 0.920703125 0.6878955696202531 0.03359375 0.07560126582278481
0 0.8935703125 0.6668829113924051 0.025734374999999997 0.04781645569620253
1 0.88440625 0.7206645569620254 0.015125 0.04386075949367088
0 0.19646875000000003 0.6951107594936708 0.034499999999999996 0.03515822784810126
0 0.2814140625 0.6823892405063291 0.05682812499999999 0.0464873417721519
0 0.10146875 0.7046835443037974 0.031656250000000004 0.05544303797468354
0 0.5543828125 0.6565348101265823 0.023484375 0.017436708860759494
3 0.16398437500000002 0.6658386075949367 0.08725000000000001 0.08775316455696203
3 0.253234375 0.6457911392405064 0.06921875 0.04765822784810127
2 0.22443749999999998 0.6826265822784809 0.058625000000000003 0.04854430379746835
2 0.0782421875 0.6517879746835442 0.078203125 0.05882911392405063
0 0.6107656250000001 0.6753955696202532 0.035875000000000004 0.041487341772151895
0 0.369140625 0.6754746835443037 0.02953125 0.023164556962025316
0 0.22999999999999998 0.6740506329113924 0.048343750000000005 0.03639240506329114
0 0.228125 0.6890506329113925 0.0213125 0.035
