0 0.14449218749999998 0.8555269320843092 0.288578125 0.28894613583138173
0 0.54834375 0.7723770491803279 0.03446875 0.05875878220140515
0 0.38860937500000003 0.7661475409836065 0.0359375 0.04128805620608899
0 0.2028359375 0.751135831381733 0.024734375 0.028360655737704916
0 0.3296953125 0.7189929742388759 0.018203125 0.028665105386416864
1 0.4548046875000001 0.7756088992974239 0.012421875 0.03693208430913349
3 0.7528203125 0.7221779859484777 0.377328125 0.3344262295081967
2 0.2723984375 0.7563700234192038 0.10298437499999999 0.17002341920374706
0 0.20224999999999999 0.7211124121779858 0.026968750000000003 0.02882903981264637
2 0.054570312499999996 0.7405737704918032 0.09176562499999999 0.08297423887587822
0 0.116578125 0.7677517564402812 0.04584375 0.07194379391100703
0 0.96346875 0.8911475409836066 0.0730625 0.21770491803278688
0 0.54475 0.7647189695550352 0.04196875 0.06114754098360656
2 0.17271874999999998 0.7694496487119438 0.05109375000000001 0.08011709601873536
0 0.5589062499999999 0.7798126463700235 0.01540625 0.058407494145199065
