0 0.0656796875 0.5996959459459459 0.029140624999999996 0.09966216216216216
0 0.904796875 0.6053716216216216 0.044656249999999995 0.1329054054054054
0 0.7570859375000001 0.6069256756756757 0.023765625000000002 0.10277027027027028
0 0.034445312500000005 0.5985135135135135 0.025015625000000003 0.11554054054054055
0 0.1851328125 0.6163175675675676 0.054359375 0.13277027027027027
0 0.0167578125 0.618581081081081 0.033515625 0.13837837837837838
0 0.8419375 0.5413513513513514 0.0124375 0.031486486486486484
0 0.798203125 0.5514189189189189 0.009093750000000001 0.03527027027027027
0 0.7738359375000001 0.5755405405405405 0.018859375 0.06675675675675677
1 0.93296875 0.5878040540540541 0.0211875 0.1137162162162162
3 0.445703125 0.5962837837837838 0.44765625 0.706081081081081
2 0.7081406250000001 0.5769256756756757 0.0829375 0.28087837837837837
2 0.0979140625 0.5325 0.014890625 0.07581081081081081
0 0.1509609375 0.5911824324324325 0.025734374999999997 0.08736486486486486
0 0.13984375 0.5786486486486485 0.01865625 0.06662162162162162
1 0.9527187500000001 0.5773986486486486 0.01403125 0.08925675675675676
0 0.7861796875 0.5641554054054054 0.014359374999999999 0.05912162162162162
0 0.47421875 0.5844594594594594 0.8640625 0.7635135135135135
