0 0.9749453124999998 0.30668632075471697 0.050109375 0.04143867924528302
0 0.9213984375 0.29810141509433963 0.030546875 0.0167688679245283
0 0.886671875 0.2974882075471698 0.016625 0.019693396226415093
0 0.9020390624999999 0.29991745283018867 0.013046875 0.013608490566037735
1 0.5031796875000001 0.5808490566037735 0.976703125 0.7897169811320754
1 0.39349218750000003 0.3852948113207547 0.38682812499999997 0.20804245283018866
1 0.4464218750000001 0.31130896226415095 0.19159375 0.11313679245283019
1 0.48021093750000005 0.2533490566037736 0.20564062500000002 0.11938679245283018
0 0.8722578125 0.2982075471698113 0.021609375 0.016745283018867924
1 0.4780078124999999 0.24768867924528304 0.207046875 0.10891509433962264
