1 0.6543671875 0.6545833333333333 0.187921875 0.19016666666666668
1 0.506375 0.5704375 0.14534375 0.185375
1 0.41803125 0.5120729166666667 0.0568125 0.10652083333333334
1 0.5926640625 0.5004583333333333 0.084140625 0.08541666666666667
1 0.6431484375000001 0.53325 0.073890625 0.10133333333333333
0 0.5785859375 0.4318958333333333 0.053234375 0.04645833333333334
0 0.9101874999999999 0.4587604166666666 0.17806249999999998 0.0888125
0 0.3713671875 0.38509375 0.013515625 0.015604166666666667
0 0.9684375000000001 0.5325 0.063125 0.042708333333333334
0 0.47684375 0.38529166666666664 0.02475 0.021125
0 0.38012499999999994 0.3776458333333333 0.0129375 0.015166666666666667
0 0.35665625 0.38709375 0.01059375 0.0179375
1 0.9785078125 0.5646458333333333 0.042984375000000005 0.10295833333333333
1 0.8503515625 0.46910416666666666 0.041421875000000004 0.06058333333333333
1 0.6378671875 0.5254895833333334 0.09032812500000001 0.0838125
1 0.47603906249999994 0.5374374999999999 0.065671875 0.069125
