0 0.312875 0.7759479166666666 0.0483125 0.049229166666666664
0 0.397703125 0.7657083333333333 0.02590625 0.028374999999999997
0 0.3316484375 0.7632916666666667 0.035953125 0.03329166666666667
1 0.687328125 0.8262083333333333 0.02953125 0.07808333333333332
1 0.7440781249999999 0.8803958333333333 0.04628125 0.10233333333333333
1 0.08033593750000001 0.92975 0.138953125 0.14049999999999999
0 0.3489609375 0.7591979166666666 0.026328125 0.03835416666666667
1 0.2650546875 0.8423854166666668 0.047359374999999995 0.07252083333333334
0 0.670734375 0.7843229166666668 0.07803125 0.06914583333333332
0 0.09364843749999999 0.8105416666666667 0.049859375 0.04504166666666667
0 0.370046875 0.7635000000000001 0.0190625 0.03945833333333334
1 0.36096093749999997 0.8174166666666667 0.041640625 0.023375
