1 0.2595546875 0.598 0.36067187500000003 0.32358333333333333
1 0.72978125 0.5932499999999999 0.4483125 0.4
3 0.8327421875000001 0.09011458333333335 0.151984375 0.1051875
0 0.7990859375 0.21581250000000002 0.11654687500000001 0.068125
0 0.6179921875 0.24125 0.085765625 0.07175
0 0.510328125 0.25475 0.07065625 0.06258333333333334
0 0.9027265625 0.20159375 0.072484375 0.03752083333333334
0 0.7675234375000001 0.21029166666666665 0.080984375 0.07558333333333334
2 0.20567968749999999 0.28696875 0.343328125 0.18877083333333333
0 0.6772578125 0.20023958333333333 0.096046875 0.0559375
3 0.9519453125 0.14285416666666664 0.096109375 0.14024999999999999
0 0.52659375 0.21670833333333334 0.04178125 0.016291666666666666
0 0.49291406249999997 0.21676041666666668 0.032453125 0.019395833333333334
