0 0.5275000000000001 0.1921936274509804 0.44128125 0.2114950980392157
0 0.3434609375 0.09651960784313725 0.109296875 0.08431372549019607
0 0.265 0.09089460784313726 0.0455 0.06997549019607843
1 0.15328906250000002 0.37768382352941177 0.303703125 0.6471813725490196
1 0.41186718750000006 0.3483088235294118 0.290828125 0.5258333333333333
1 0.65103125 0.3384313725490196 0.25140625 0.4462745098039216
1 0.8615781250000001 0.3291666666666667 0.2466875 0.4002941176470588
0 0.570265625 0.05667892156862745 0.08446875000000001 0.038995098039215685
0 0.6741328125 0.07575980392156861 0.077921875 0.04872549019607843
0 0.4895546875 0.05537990196078431 0.046515625 0.038848039215686275
0 0.8157734375000001 0.07702205882352942 0.06414062499999999 0.04316176470588235
0 0.8562578125 0.07542892156862746 0.037109375 0.03551470588235294
