0 0.34415625 0.6762083333333333 0.1140625 0.11220833333333333
0 0.7357578124999999 0.9095833333333334 0.146734375 0.15258333333333332
0 0.35059375 0.6107083333333333 0.11200000000000002 0.07141666666666667
0 0.1512109375 0.6927708333333332 0.114296875 0.12008333333333333
0 0.21242187499999998 0.58321875 0.09243749999999999 0.1203125
0 0.5283515624999999 0.7715 0.11932812500000001 0.129
0 0.21717187500000001 0.5121354166666666 0.09265625 0.09822916666666666
0 0.28384375 0.4123958333333333 0.0656875 0.09366666666666666
0 0.43304687499999994 0.2810208333333334 0.05725 0.06858333333333334
0 0.673015625 0.5108958333333333 0.0905625 0.06308333333333334
0 0.5116328125 0.41731250000000003 0.06492187499999999 0.08816666666666667
0 0.61034375 0.6807395833333333 0.050375 0.10852083333333334
0 0.31984375 0.33267708333333335 0.055906250000000005 0.06085416666666667
1 0.645828125 0.4629479166666667 0.048593750000000005 0.027979166666666666
0 0.4390625 0.33958333333333335 0.6 0.5541666666666667
