0 0.50846875 0.4776814988290398 0.06634375 0.051147540983606556
0 0.8976640625 0.47764637002341914 0.062015625 0.049063231850117094
1 0.233890625 0.5426932084309134 0.3688125 0.8831381733021078
1 0.7626875 0.5058196721311475 0.118125 0.29248243559718967
1 0.8039296874999999 0.48987119437939114 0.114203125 0.2252224824355972
1 0.8536171874999999 0.4836651053864169 0.080484375 0.1900936768149883
1 0.44302343749999995 0.5006206088992975 0.107296875 0.3277049180327869
1 0.627828125 0.5341334894613583 0.27459375 0.5624590163934426
0 0.42942187499999995 0.4849297423887588 0.13365625 0.07566744730679158
0 0.058687500000000004 0.5107259953161593 0.11737500000000001 0.10491803278688525
