0 0.08192968749999999 0.6204603854389722 0.156890625 0.10049250535331905
0 0.7171328125 0.580642398286938 0.122390625 0.1075374732334047
0 0.635703125 0.595642398286938 0.20049999999999998 0.0967237687366167
0 0.28465625 0.5872912205567452 0.10175000000000001 0.09565310492505354
0 0.9714296874999999 0.5641220556745182 0.057140625 0.12541755888650963
0 0.48890625 0.5770342612419701 0.11884375 0.07449678800856531
1 0.3439453125 0.6409635974304069 0.074171875 0.0993576017130621
1 0.784828125 0.679100642398287 0.04328125 0.09785867237687366
1 0.6674296875000001 0.6337044967880086 0.136859375 0.12689507494646682
1 0.435484375 0.6559957173447537 0.11246875 0.1017558886509636
1 0.8842734375000001 0.6655032119914346 0.18751562500000002 0.17216274089935762
1 0.2368671875 0.8661241970021414 0.253421875 0.24107066381156317
1 0.5353749999999999 0.6456852248394005 0.10659375 0.08314775160599572
0 0.3691875 0.5716595289079228 0.0450625 0.040278372591006424
1 0.48262499999999997 0.6141648822269807 0.051625 0.06648822269807281
0 0.40759375000000003 0.5508458244111349 0.0300625 0.04528907922912205
0 0.93428125 0.5336402569593148 0.0191875 0.01006423982869379
