0 0.375 0.24753125 0.159 0.11347916666666666
0 0.21909375 0.20717708333333332 0.12471874999999999 0.11910416666666666
0 0.035390624999999995 0.46405208333333337 0.07078124999999999 0.28089583333333334
0 0.105484375 0.1883645833333333 0.07628125 0.08135416666666666
1 0.514359375 0.6047291666666667 0.56925 0.44595833333333335
3 0.6398515625 0.1538125 0.368265625 0.3004583333333333
3 0.2982890625 0.11827083333333334 0.217328125 0.23654166666666668
2 0.639015625 0.2689479166666667 0.2320625 0.3766875
0 0.12787500000000002 0.17103125 0.039218750000000004 0.07697916666666667
3 0.14263281249999998 0.09770833333333334 0.093828125 0.09595833333333334
3 0.038093749999999996 0.12162500000000001 0.07618749999999999 0.13658333333333333
