0 0.505359375 0.6220552884615385 0.04934375 0.06723557692307693
0 0.515203125 0.601875 0.039218750000000004 0.06033653846153846
1 0.79934375 0.8210697115384615 0.0563125 0.0796875
1 0.17209375 0.8382932692307693 0.0666875 0.1035096153846154
1 0.1475234375 0.8594951923076923 0.058671875 0.07110576923076922
0 0.539625 0.37878605769230766 0.0096875 0.009783653846153846
0 0.8073125000000001 0.9299759615384615 0.08828125 0.14004807692307691
0 0.3202109375 0.9202644230769231 0.106515625 0.15947115384615385
0 0.12344531249999999 0.9301201923076923 0.114359375 0.11576923076923076
0 0.3619921875 0.5995793269230769 0.041671875000000004 0.057668269230769224
0 0.8431328125 0.9766947115384615 0.11126562499999999 0.04661057692307692
0 0.32553125 0.8391346153846155 0.10165625 0.08461538461538462
0 0.5802265625 0.6193870192307691 0.041328125 0.06564903846153845
1 0.1766484375 0.8687379807692307 0.020484375 0.03915865384615384
0 0.32515625 0.6441826923076923 0.0570625 0.08048076923076922
0 0.686609375 0.6781610576923077 0.056125 0.07550480769230769
1 0.405359375 0.8347596153846154 0.02046875 0.06947115384615385
0 0.52890625 0.5276442307692307 0.3171875 0.19471153846153846
