0 0.45753125 0.5740729166666667 0.057937499999999996 0.07522916666666667
0 0.267765625 0.5542395833333332 0.02834375 0.0701875
1 0.8555703124999999 0.6850729166666666 0.057109375 0.07614583333333333
1 0.7713828125 0.6558645833333333 0.093984375 0.07660416666666667
1 0.7038046875 0.6468958333333333 0.055734375 0.057916666666666665
0 0.40874218749999996 0.56653125 0.046953125 0.04710416666666666
1 0.940421875 0.7016354166666666 0.108125 0.10602083333333333
1 0.6290781249999999 0.6205937499999999 0.0371875 0.06877083333333332
1 0.191578125 0.5540208333333333 0.033875 0.033666666666666664
1 0.7412421874999999 0.6204791666666666 0.027046874999999998 0.03970833333333333
