0 0.632140625 0.6318936877076412 0.1820625 0.1892358803986711
0 0.060890625 0.6976744186046512 0.12178125 0.2772093023255814
1 0.4958984375 0.6283056478405316 0.051078124999999995 0.12478405315614619
1 0.3679765625 0.6656976744186046 0.08010937500000001 0.12501661129568106
1 0.44221875 0.6271428571428572 0.055343750000000004 0.09574750830564784
0 0.8314609374999999 0.5958471760797343 0.08051562500000001 0.0878405315614618
0 0.1490703125 0.588920265780731 0.037734375 0.0642857142857143
1 0.8201328125 0.6608803986710963 0.043078125 0.08169435215946844
1 0.4951484375 0.6517109634551496 0.045796875 0.09312292358803988
1 0.7536953125 0.6073255813953489 0.033265625 0.06521594684385382
1 0.20614062500000002 0.5989202657807309 0.01825 0.05299003322259136
