1 0.14304 0.773044776119403 0.268 0.44943283582089555
1 0.48189 0.5842686567164179 0.10642 0.22597014925373135
1 0.39611 0.8930298507462687 0.07393999999999999 0.1846865671641791
1 0.9247000000000001 0.8388955223880596 0.14568 0.3222089552238806
1 0.7204400000000001 0.7027910447761194 0.2084 0.11185074626865671
1 0.90123 0.6266119402985074 0.11037999999999999 0.16008955223880597
1 0.8214 0.6334328358208955 0.14044 0.1155223880597015
1 0.26771 0.48313432835820896 0.06478 0.17271641791044776
0 0.06037 0.32867164179104474 0.03314 0.04946268656716418
0 0.08502000000000001 0.3280746268656716 0.031239999999999997 0.04092537313432836
0 0.09455 0.3206119402985075 0.03018 0.044567164179104474
0 0.17117999999999997 0.30801492537313435 0.04008 0.0402089552238806
0 0.16414 0.259 0.01104 0.01208955223880597
0 0.18075 0.24276119402985075 0.013099999999999999 0.014298507462686568
1 0.40548 0.6965522388059703 0.15424000000000002 0.2569850746268657
1 0.88029 0.788731343283582 0.05554 0.08373134328358209
1 0.78384 0.48037313432835826 0.03428 0.03483582089552239
1 0.5162599999999999 0.4176268656716418 0.03148 0.07011940298507462
1 0.34903 0.5111492537313432 0.03074 0.028567164179104477
