1 0.41636150234741787 0.3959140625 0.15272300469483568 0.066109375
0 0.7964553990610328 0.383703125 0.3561032863849765 0.07784375
0 0.21576291079812204 0.323734375 0.25917840375586854 0.037875
0 0.2907511737089202 0.3744765625 0.11281690140845071 0.065640625
0 0.4405516431924883 0.34508593750000005 0.19786384976525823 0.028859375
0 0.5926525821596245 0.36524999999999996 0.10568075117370893 0.04065625
0 0.13238262910798124 0.36893750000000003 0.26316901408450705 0.0729375
0 0.4869600938967136 0.38626562499999995 0.3601643192488263 0.07278124999999999
0 0.5730985915492958 0.3398515625 0.3003755868544601 0.052609375
1 0.772018779342723 0.3915546875 0.16615023474178403 0.056734375000000004
