0 0.311203125 0.6586458333333333 0.02759375 0.04095833333333333
1 0.352 0.7324479166666666 0.032625 0.06972916666666666
1 0.49172656249999996 0.7959062499999999 0.054453125000000005 0.10922916666666667
1 0.625 0.7804062500000001 0.09121875 0.11710416666666666
1 0.293015625 0.6693854166666667 0.015312500000000001 0.029187499999999998
0 0.3333984375 0.6524270833333333 0.020984375 0.0259375
0 0.452640625 0.6642499999999999 0.017656250000000002 0.023708333333333335
0 0.5260546875000001 0.6775208333333335 0.028734375 0.03745833333333334
0 0.5782109375 0.6832395833333333 0.050453125 0.05235416666666667
1 0.3753515625 0.6883020833333333 0.014578125 0.0311875
1 0.38758593750000003 0.6803333333333333 0.010734375 0.027416666666666666
1 0.3451484375 0.6727708333333333 0.012015625 0.03204166666666667
