0 0.31439 0.3842342342342342 0.33366 0.19861861861861863
0 0.05101 0.4727927927927928 0.10202 0.216996996996997
0 0.44074 0.30711711711711714 0.14256 0.11651651651651651
0 0.22512000000000001 0.2952252252252252 0.13124 0.08528528528528528
0 0.3167 0.2687837837837838 0.09536 0.046996996996997
0 0.7447699999999999 0.2958408408408409 0.06881999999999999 0.0890990990990991
0 0.05329 0.3237837837837838 0.10182 0.09747747747747748
0 0.09298 0.2752702702702703 0.02308 0.04885885885885886
1 0.443 0.4883933933933934 0.24844 0.2629129129129129
0 0.5104000000000001 0.31749249249249245 0.05532 0.12303303303303303
