0 0.7232109375 0.19736344537815126 0.096703125 0.10271008403361345
0 0.1939609375 0.20877100840336135 0.142234375 0.13934873949579832
0 0.80953125 0.1705357142857143 0.09215625 0.10775210084033614
1 0.415234375 0.6403991596638656 0.38687499999999997 0.5538235294117647
1 0.602 0.42510504201680677 0.1734375 0.30941176470588233
0 0.687296875 0.14119747899159663 0.03071875 0.06130252100840336
0 0.5073671875000001 0.17021008403361343 0.023203124999999998 0.0488655462184874
0 0.757921875 0.1519642857142857 0.027750000000000004 0.05686974789915966
0 0.62909375 0.15876050420168067 0.08709375 0.08752100840336134
0 0.7131015625 0.143718487394958 0.024171875000000002 0.012899159663865546
