0 0.1449375 0.6227985948477752 0.0745 0.042599531615925064
0 0.8919765625 0.6017096018735363 0.026078125 0.027166276346604214
0 0.7151562499999999 0.608711943793911 0.02678125 0.024871194379391098
0 0.7421015625 0.5998711943793911 0.018515625 0.021053864168618267
1 0.2779765625 0.6792271662763465 0.06932812499999999 0.12646370023419204
1 0.0743984375 0.7120374707259953 0.13089062499999998 0.13105386416861828
0 0.7747578125 0.5990866510538642 0.015890625 0.01405152224824356
1 0.22496093749999999 0.6268149882903982 0.034859375 0.03765807962529274
0 0.7888046875000001 0.5977049180327869 0.011078125 0.011007025761124122
0 0.7950234375 0.595936768149883 0.011828125 0.013185011709601874
0 0.8515859375 0.5890866510538642 0.008453125 0.01044496487119438
