0 0.641828125 0.45384375 0.09618750000000001 0.0795625
0 0.7589453125 0.44685416666666666 0.104546875 0.07420833333333333
0 0.8235078125000002 0.43617708333333327 0.06135937500000001 0.06214583333333333
0 0.5303828125 0.4310625 0.022203125 0.027875
0 0.5970859374999999 0.43495833333333334 0.037453125 0.035666666666666666
1 0.44996875000000003 0.4913229166666666 0.038843749999999996 0.07793749999999999
0 0.5640703125 0.43002083333333335 0.025671875 0.026625
0 0.544109375 0.4276041666666667 0.02028125 0.02354166666666667
0 0.51134375 0.43531250000000005 0.02728125 0.03329166666666667
0 0.48696093749999997 0.4396770833333334 0.034796875 0.040854166666666664
