0 0.947890625 0.49817805383022773 0.10421875 0.1122567287784679
0 0.7830078125 0.4731987577639752 0.054140625 0.054679089026915116
0 0.873109375 0.4714803312629399 0.12593749999999998 0.09720496894409938
0 0.7546640625000001 0.46792960662525884 0.016796875 0.036977225672877846
1 0.09666406250000001 0.6572981366459627 0.122109375 0.2044927536231884
1 0.284265625 0.5936542443064182 0.03771875 0.1008488612836439
1 0.5277968749999999 0.5756521739130436 0.05225 0.1332505175983437
1 0.42004687500000004 0.5934575569358178 0.0395625 0.12401656314699792
1 0.24709374999999997 0.5729192546583851 0.04678125 0.12182194616977227
1 0.48803906249999995 0.5465631469979296 0.027359375000000002 0.09739130434782609
1 0.318265625 0.602712215320911 0.05653125 0.13817805383022774
1 0.3906484375 0.5926811594202899 0.027296874999999998 0.10494824016563147
1 0.5089921875 0.5627743271221531 0.012171875 0.05817805383022775
1 0.5976250000000001 0.5578674948240165 0.03509375 0.10115942028985507
1 0.7369921875000001 0.5747308488612836 0.05192187499999999 0.15405797101449276
1 0.64725 0.5906625258799172 0.05190625 0.1325879917184265
1 0.7877421875 0.5748654244306419 0.047828125 0.11325051759834369
1 0.53046875 0.5527950310559007 0.3890625 0.14906832298136646
