1 0.536171875 0.8627291666666667 0.29312499999999997 0.24816666666666667
1 0.82346875 0.8301979166666666 0.17703125 0.26835416666666667
1 0.218484375 0.6580729166666667 0.093875 0.11672916666666668
1 0.4936953125 0.6780104166666666 0.12051562499999999 0.09872916666666667
0 0.6860546875 0.6271875 0.102359375 0.11254166666666668
0 0.9446718749999998 0.6220208333333334 0.11065624999999998 0.09975
0 0.5108203125 0.6200833333333333 0.135765625 0.11458333333333333
0 0.4224375 0.6200208333333334 0.08859375 0.11737500000000001
1 0.3788203125 0.69509375 0.11239062500000001 0.0611875
0 0.070390625 0.5841041666666666 0.09031249999999999 0.11591666666666667
0 0.2421875 0.6146041666666666 0.15328124999999998 0.12604166666666666
0 0.04821875 0.61290625 0.0964375 0.10514583333333333
0 0.8274531250000001 0.6261770833333333 0.10106250000000001 0.12160416666666667
0 0.4426640625 0.5586666666666666 0.139234375 0.06404166666666666
0 0.1413984375 0.59134375 0.072203125 0.11152083333333333
