0 0.5378705882352941 0.38203906249999997 0.13376470588235295 0.07032812499999999
1 0.6670352941176471 0.515046875 0.34362352941176466 0.1856875
3 0.48161176470588235 0.344890625 0.15216470588235295 0.06293750000000001
1 0.10551764705882352 0.42453124999999997 0.07018823529411765 0.0670625
1 0.8468823529411763 0.43355468750000004 0.08101176470588235 0.089515625
1 0.23311764705882354 0.4260703125 0.06345882352941176 0.066078125
2 0.13285882352941178 0.36847656250000005 0.16209411764705883 0.141671875
0 0.27592941176470587 0.3893671875 0.07590588235294117 0.068203125
0 0.6528117647058823 0.34669531249999996 0.08082352941176471 0.031390625
1 0.43215294117647063 0.4378046875 0.0859529411764706 0.072890625
1 0.03569411764705882 0.412265625 0.026211764705882355 0.0635
2 0.37508235294117653 0.35546875 0.1031529411764706 0.050562499999999996
0 0.3312470588235294 0.39896875 0.046494117647058825 0.0670625
0 0.5865411764705881 0.3543046875 0.061835294117647065 0.015046875000000001
