1 0.380109375 0.2876666666666667 0.0615 0.06129166666666667
3 0.6115703125 0.5400312500000001 0.197796875 0.2682291666666667
3 0.38258593750000003 0.47865625 0.192140625 0.2426875
3 0.2697578125 0.4521875 0.198703125 0.246875
2 0.8951796875 0.3421458333333333 0.20964062499999997 0.287
2 0.7877578125 0.31253125 0.238421875 0.27877083333333336
2 0.9844140625 0.435 0.031171874999999998 0.15870833333333334
0 0.48357031249999993 0.776125 0.097734375 0.08991666666666666
0 0.19232812500000002 0.6857083333333333 0.11559375000000001 0.09141666666666667
0 0.120015625 0.6663958333333333 0.12356249999999999 0.09625
0 0.2567421875 0.7159270833333333 0.10860937500000001 0.08747916666666668
0 0.3513125 0.7328229166666667 0.09978125 0.08456250000000001
0 0.4137109375 0.7554583333333333 0.094484375 0.087375
0 0.5435156250000001 0.79509375 0.10287500000000001 0.0973125
0 0.8251406250000001 0.8862395833333333 0.1053125 0.10052083333333334
0 0.6838984375 0.8421145833333334 0.090765625 0.10064583333333334
0 0.75125 0.8618333333333333 0.10178125 0.10162500000000001
0 0.5611093749999999 0.26295833333333335 0.070375 0.07654166666666667
0 0.615875 0.8211041666666666 0.08206250000000001 0.08554166666666667
0 0.0643671875 0.6270729166666666 0.089265625 0.09747916666666666
1 0.1140390625 0.90625 0.106296875 0.10741666666666667
0 0.49921875 0.5104166666666666 0.9984375 0.975
