0 0.31240999999999997 0.48668 0.17618 0.14456
3 0.93482 0.41128 0.10028000000000001 0.09717333333333333
3 0.70065 0.39322666666666667 0.03418 0.04853333333333333
0 0.40844 0.45918666666666663 0.08572 0.11341333333333334
0 0.20576999999999998 0.42881333333333327 0.07890000000000001 0.07938666666666666
1 0.67498 0.43135999999999997 0.0112 0.018986666666666666
2 0.8747999999999999 0.40410666666666667 0.036840000000000005 0.07504
2 0.5669100000000001 0.42133333333333334 0.05094 0.07162666666666667
0 0.82725 0.40424 0.03514 0.021866666666666666
1 0.75596 0.41201333333333334 0.01208 0.019813333333333332
1 0.7457299999999999 0.40759999999999996 0.00734 0.013653333333333333
2 0.6121599999999999 0.39424000000000003 0.06636 0.09397333333333334
2 0.7020899999999999 0.39372 0.0381 0.046
0 0.8475999999999999 0.4188533333333333 0.01308 0.036746666666666664
