0 0.247765625 0.46004683840749416 0.1373125 0.1140983606557377
0 0.303234375 0.44768149882903985 0.0995625 0.08613583138173303
0 0.51721875 0.456463700234192 0.19028125 0.09723653395784544
0 0.7028359375 0.4190749414519906 0.042578125 0.04110070257611241
1 0.8320624999999999 0.6621545667447307 0.30184375 0.3070725995316159
1 0.5232187500000001 0.6423887587822015 0.229875 0.24266978922716628
1 0.2102890625 0.6526814988290398 0.23298437500000002 0.2788992974238876
1 0.470015625 0.47656908665105385 0.07715625000000001 0.08194379391100703
0 0.564953125 0.418536299765808 0.035125 0.034402810304449645
0 0.428734375 0.42098360655737704 0.028687499999999998 0.029695550351288055
0 0.3768359375 0.4323536299765808 0.083109375 0.054355971896955506
0 0.4246718749999999 0.4354449648711944 0.02665625 0.043208430913348944
1 0.6468281250000001 0.6003981264637003 0.19134374999999998 0.18154566744730677
1 0.577703125 0.4675409836065573 0.040625 0.07704918032786885
0 0.5432734375 0.41807962529274006 0.059109375 0.03494145199063232
0 0.48834375 0.40524590163934426 0.026375 0.010398126463700235
