0 0.787546875 0.298536299765808 0.14340625 0.07163934426229508
1 0.40378125000000004 0.5697775175644029 0.48940625000000004 0.3963231850117096
1 0.6497109375 0.40704918032786885 0.142203125 0.20833723653395783
1 0.6908984375 0.41626463700234195 0.11870312499999999 0.2149648711943794
1 0.581765625 0.49816159250585473 0.159 0.2730444964871194
1 0.6465 0.49099531615925057 0.13578125000000002 0.23843091334894614
1 0.7421562500000001 0.41461358313817337 0.1169375 0.19550351288056206
1 0.60996875 0.468559718969555 0.12296875 0.24929742388758783
0 0.86565625 0.30042154566744733 0.10053125 0.07770491803278688
0 0.8669453125000001 0.2557142857142857 0.120953125 0.0511943793911007
1 0.5631250000000001 0.4852341920374707 0.0991875 0.14217798594847775
1 0.7808437500000001 0.4001639344262295 0.0748125 0.17053864168618266
