0 0.2189921875 0.7132916666666667 0.226953125 0.13629166666666667
0 0.73321875 0.6358541666666667 0.0476875 0.030166666666666668
0 0.811359375 0.6349479166666666 0.01809375 0.025020833333333332
0 0.335265625 0.6464166666666668 0.06215625 0.032
0 0.30590625 0.6385000000000001 0.0645625 0.025958333333333337
0 0.5053593749999999 0.6433645833333334 0.07215625 0.0378125
0 0.7711093750000001 0.6331770833333333 0.02765625 0.024645833333333332
0 0.8699140625 0.6329375 0.037390625 0.03125
0 0.787734375 0.6318645833333334 0.017781250000000002 0.02285416666666667
1 0.50171875 0.6554062500000001 0.014499999999999999 0.036145833333333335
0 0.2446640625 0.6557395833333334 0.154765625 0.0556875
