0 0.5797343749999999 0.3087441314553991 0.564 0.3118075117370892
0 0.28302343750000003 0.23586854460093895 0.044390625 0.039483568075117374
0 0.2096796875 0.2481455399061033 0.037203125 0.05065727699530516
0 0.1761640625 0.2631807511737089 0.050046875000000005 0.048615023474178405
0 0.0359453125 0.2660680751173709 0.066078125 0.05396713615023474
0 0.11909375 0.2758333333333333 0.068625 0.0526056338028169
0 0.1486953125 0.24711267605633802 0.014890625 0.031314553990610325
1 0.470421875 0.4730281690140845 0.5519375 0.5505633802816902
0 0.0446796875 0.28568075117370895 0.07860937500000001 0.0607981220657277
1 0.125609375 0.3146948356807512 0.028718749999999998 0.05652582159624413
