0 0.8534062499999999 0.20434426229508196 0.032468750000000005 0.048922716627634664
0 0.9788124999999999 0.20662763466042153 0.03803125 0.05812646370023419
1 0.11853125 0.6739344262295082 0.2370625 0.6175175644028104
1 0.2335390625 0.5931733021077283 0.287640625 0.5020374707259954
1 0.33473437500000003 0.551768149882904 0.18803125 0.39955503512880564
1 0.48021875 0.39517564402810307 0.11890624999999999 0.32524590163934425
1 0.4800546875 0.40261124121779857 0.25973437499999996 0.2328103044496487
1 0.6387109375 0.30542154566744734 0.08982812500000001 0.16831381733021078
1 0.37000781250000003 0.4538407494145199 0.167484375 0.4010772833723653
1 0.073453125 0.9022131147540984 0.14690625 0.1955737704918033
1 0.5793671875 0.3779976580796253 0.220484375 0.2289695550351288
1 0.6605546875 0.30778688524590164 0.099859375 0.19758782201405153
1 0.4141328125 0.45480093676814987 0.143578125 0.297423887587822
1 0.693359375 0.3146370023419204 0.084375 0.1637470725995316
