1 0.37333333333333335 0.7387290502793297 0.6008805031446541 0.5225418994413408
1 0.5808490566037736 0.6347067039106146 0.17431865828092244 0.35276536312849166
1 0.6929245283018868 0.5936312849162011 0.11771488469601676 0.1588268156424581
1 0.7707651991614255 0.74231843575419 0.13155136268343814 0.3887709497206704
1 0.8624318658280923 0.7813826815642458 0.27429769392033543 0.41030726256983235
1 0.12038784067085953 0.36069832402234636 0.038134171907756816 0.0376536312849162
1 0.5017400419287211 0.34 0.04146750524109015 0.03446927374301676
0 0.26479035639413 0.33789106145251396 0.04329140461215933 0.05298882681564245
0 0.4913836477987421 0.3106145251396648 0.052201257861635215 0.03653631284916201
0 0.6332704402515723 0.3221787709497207 0.0780293501048218 0.05815642458100559
1 0.21022012578616353 0.35438547486033517 0.0510062893081761 0.03564245810055866
