0 0.9485937499999999 0.4302112676056338 0.07396875 0.05845070422535211
1 0.894890625 0.7707863849765259 0.21021874999999998 0.43593896713615027
1 0.2333359375 0.7303403755868545 0.161546875 0.4809154929577465
1 0.5274296875 0.679037558685446 0.264296875 0.33492957746478874
1 0.7258359375 0.7117723004694836 0.350234375 0.44147887323943663
1 0.38578125 0.6582863849765258 0.168625 0.31779342723004694
1 0.09121875 0.6518544600938967 0.1824375 0.23704225352112676
1 0.0804921875 0.5335680751173709 0.133359375 0.10093896713615023
1 0.6318984375000001 0.42221830985915487 0.021234375 0.03410798122065727
1 0.1099375 0.5338145539906103 0.0764375 0.08091549295774647
