0 0.9351484375 0.308650234741784 0.08445312499999999 0.09035211267605635
0 0.8707109375 0.3064906103286385 0.048390625 0.05176056338028169
0 0.81596875 0.2987206572769953 0.013968749999999999 0.017910798122065728
0 0.8036562500000001 0.2962793427230047 0.0129375 0.022746478873239436
1 0.348484375 0.5350117370892019 0.69396875 0.8408215962441314
1 0.6453359375 0.3865727699530517 0.341078125 0.5304694835680751
1 0.2016015625 0.902511737089202 0.403203125 0.19497652582159625
1 0.7269453125 0.34211267605633805 0.079046875 0.14075117370892018
1 0.7503671875 0.32928403755868546 0.079734375 0.17476525821596245
1 0.7785234375 0.30609154929577465 0.038796874999999995 0.07772300469483567
0 0.9832109375 0.32503521126760565 0.033578125 0.1453755868544601
0 0.8989765625 0.29538732394366196 0.013953125 0.019225352112676054
1 0.762828125 0.3262793427230047 0.072125 0.17354460093896715
