0 0.7812109375 0.8277112676056338 0.43757812500000004 0.3123708920187793
0 0.6233203125 0.7284507042253521 0.17320312499999999 0.16342723004694837
0 0.178 0.7198474178403755 0.2034375 0.16406103286384977
0 0.533796875 0.6701525821596245 0.08228125 0.07589201877934272
1 0.3181640625 0.8280399061032864 0.09148437499999999 0.19847417840375586
0 0.536953125 0.6295657276995307 0.058374999999999996 0.029788732394366198
0 0.5012421875 0.638180751173709 0.018171875 0.03096244131455399
0 0.40590625 0.6429107981220659 0.03528125 0.04887323943661972
0 0.3780234375 0.653169014084507 0.036265625 0.05535211267605633
0 0.6632187500000001 0.650199530516432 0.1131875 0.03791079812206572
0 0.47384375 0.6297535211267605 0.01159375 0.016784037558685447
0 0.5628749999999999 0.6847183098591549 0.08484375 0.0864319248826291
0 0.35496093749999996 0.662781690140845 0.049921875 0.06758215962441315
0 0.5404375 0.6361619718309859 0.06978124999999999 0.02330985915492958
