0 0.072984375 0.6967604166666667 0.026125 0.020479166666666666
0 0.063796875 0.66140625 0.008749999999999999 0.009729166666666667
0 0.1823828125 0.7192500000000001 0.11960937499999999 0.0615
0 0.0109921875 0.6776875 0.013515625 0.017458333333333336
0 0.049968750000000006 0.6885729166666666 0.025968750000000002 0.0206875
0 0.9336874999999999 0.77709375 0.12696875000000002 0.1738125
0 0.112296875 0.7000833333333333 0.0829375 0.09254166666666667
0 0.08434375 0.6787291666666667 0.02190625 0.011875
0 0.08749218750000001 0.6615208333333332 0.0073906250000000005 0.007625000000000001
3 0.39854687499999997 0.71771875 0.2320625 0.24439583333333334
1 0.004140625 0.7081041666666668 0.00828125 0.028291666666666666
2 0.12030468750000001 0.6874270833333334 0.071640625 0.10414583333333334
0 0.23071875 0.7087916666666666 0.06103125 0.032125
0 0.035617187499999994 0.6637083333333333 0.016296875 0.01225
1 0.0201328125 0.6980937500000001 0.011578125 0.030395833333333334
1 0.0610625 0.6718124999999999 0.00703125 0.014875
1 0.0235 0.6847187499999999 0.011875 0.019854166666666666
