0 0.3519375 0.7510027855153204 0.03415625 0.05320334261838441
0 0.3557734375 0.7241225626740947 0.037828125000000004 0.04155988857938719
0 0.36259375 0.6913649025069638 0.03553125 0.05147632311977716
0 0.45424999999999993 0.4089972144846797 0.0278125 0.04083565459610028
0 0.505953125 0.4628272980501393 0.0236875 0.03479108635097493
0 0.514375 0.44263231197771585 0.0324375 0.033064066852367686
0 0.46558593749999994 0.07711699164345404 0.021703125 0.032952646239554316
0 0.4610234375 0.048899721448467964 0.021515625 0.02587743732590529
1 0.4376640625 0.032771587743732594 0.006671874999999999 0.018690807799442898
0 0.4737265625 0.1393314763231198 0.057640625 0.041114206128133705
0 0.43503125000000004 0.12668523676880225 0.042749999999999996 0.029192200557103067
0 0.531078125 0.37664345403899724 0.03134375 0.016740947075208915
0 0.51440625 0.42227019498607243 0.028999999999999998 0.024596100278551532
