0 0.254453125 0.8202291666666667 0.38946875 0.23183333333333334
0 0.655953125 0.7271354166666666 0.13359375 0.1300625
0 0.5490468749999999 0.6736562500000001 0.06559374999999999 0.0515625
0 0.39205468750000005 0.6235625 0.024578125 0.027666666666666666
1 0.71375 0.8883020833333333 0.04425 0.11797916666666668
1 0.7756640625 0.96078125 0.12892187500000002 0.0751875
1 0.33792187500000004 0.6723541666666666 0.01665625 0.038625
0 0.3297265625 0.6515625 0.051484375000000006 0.06108333333333334
1 0.5738749999999999 0.87275 0.03525 0.111625
1 0.9112734374999999 0.9166354166666667 0.177453125 0.16672916666666668
1 0.30369531250000004 0.6955833333333333 0.030921874999999998 0.038
1 0.4426640624999999 0.8515520833333333 0.036609375 0.10435416666666668
