0 0.93692 0.6234477611940299 0.06356 0.0935820895522388
0 0.89361 0.6371044776119402 0.06014 0.08328358208955224
0 0.52519 0.32429850746268657 0.06954 0.0764179104477612
1 0.28706 0.5110597014925372 0.0442 0.04391044776119403
1 0.35509 0.4014328358208955 0.040740000000000005 0.05498507462686568
1 0.80299 0.5652388059701492 0.04746 0.05549253731343284
1 0.7798 0.5429253731343283 0.03696 0.044955223880597014
1 0.73245 0.47689552238805966 0.04094 0.0431044776119403
1 0.16244 0.7104626865671642 0.045399999999999996 0.0606865671641791
1 0.18542000000000003 0.6538208955223881 0.05028 0.06561194029850746
1 0.55788 0.555089552238806 0.02248 0.04647761194029851
1 0.62273 0.4775223880597016 0.02318 0.05904477611940299
1 0.7635700000000001 0.5140298507462686 0.04114 0.05397014925373134
1 0.5419400000000001 0.5005373134328358 0.02468 0.04119402985074627
1 0.3825 0.545268656716418 0.0178 0.04976119402985075
1 0.36166000000000004 0.5064626865671642 0.01548 0.057582089552238806
1 0.534 0.6044776119402985 0.928 0.5164179104477612
