0 0.9886015624999999 0.12722753346080304 0.022796875 0.047762906309751434
0 0.95503125 0.12554493307839387 0.057406250000000006 0.03873804971319312
0 0.9384218750000001 0.11951242829827917 0.06640625 0.0391395793499044
0 0.03428125 0.2264244741873805 0.06428125 0.15732313575525814
0 0.8946562499999999 0.11412045889101337 0.05990625000000001 0.04135755258126195
1 0.4067578125 0.45843212237093695 0.5307031249999999 0.5348374760994264
2 0.4935625 0.206453154875717 0.66271875 0.27428298279158697
0 0.039335937499999994 0.1164244741873805 0.050796875 0.017437858508604204
0 0.087546875 0.14009560229445506 0.1464375 0.05074569789674952
0 0.971484375 0.1288910133843212 0.02334375 0.03070745697896749
1 0.4208125 0.3438814531548758 0.23690625 0.1860038240917782
3 0.7836093749999999 0.11432122370936904 0.17334375 0.0858508604206501
0 0.6835234375 0.0998565965583174 0.025546875000000004 0.015621414913957936
