0 0.4799531249999999 0.4370625 0.22912499999999997 0.12925
0 0.96509375 0.38484375000000004 0.0505 0.051895833333333335
0 0.9540703125000001 0.3726770833333333 0.045015625 0.04810416666666666
1 0.3733046875 0.5488020833333334 0.28445312500000003 0.2780625
1 0.084078125 0.7402604166666666 0.16815625 0.3544375
1 0.63696875 0.45671875 0.1463125 0.14281249999999998
1 0.1564453125 0.42907291666666664 0.122390625 0.0758125
1 0.101453125 0.42921875000000004 0.04 0.050104166666666665
1 0.547171875 0.38095833333333334 0.026375 0.028874999999999998
1 0.728390625 0.37423958333333335 0.01590625 0.03264583333333333
1 0.9086796875 0.3759270833333333 0.006203125 0.0161875
0 0.9053671874999999 0.36208333333333337 0.017765625 0.018083333333333333
0 0.8325234375000001 0.36489583333333336 0.025703125 0.024041666666666666
1 0.9323750000000001 0.36595833333333333 0.007781250000000001 0.017416666666666667
1 0.070890625 0.39872916666666663 0.059 0.06304166666666668
0 0.930859375 0.3594791666666667 0.01903125 0.018875
