0 0.7132031249999999 0.10867990654205607 0.24509375000000003 0.1297429906542056
1 0.4956171875 0.5616355140186916 0.5333281249999999 0.5152803738317757
1 0.927359375 0.6532943925233645 0.14528125 0.3814018691588785
1 0.8280468750000001 0.4752803738317757 0.18034375 0.29439252336448596
1 0.171234375 0.38996495327102804 0.1271875 0.18679906542056077
1 0.8791718749999999 0.3075467289719626 0.22999999999999998 0.10532710280373832
1 0.8346484375 0.2204322429906542 0.064515625 0.12558411214953272
1 0.7185390625 0.29012850467289725 0.23929687500000002 0.18469626168224298
1 0.0984921875 0.6386214953271028 0.196984375 0.41336448598130837
1 0.633296875 0.3564018691588785 0.14459375000000002 0.2586448598130841
1 0.09484375 0.25320093457943926 0.06571875 0.09514018691588785
1 0.10478125 0.4628154205607477 0.17896875 0.3448831775700935
1 0.9784140625000001 0.42110981308411216 0.043171875 0.13927570093457944
