1 0.31774218750000005 0.3930327868852459 0.039046874999999995 0.0710304449648712
0 0.378859375 0.3127751756440281 0.11474999999999999 0.08985948477751755
0 0.62928125 0.35621779859484776 0.14103125 0.12245901639344262
0 0.7650390625 0.6204098360655739 0.22839062499999999 0.22704918032786886
0 0.7098671875 0.2961943793911007 0.119484375 0.07697892271662762
0 0.9309687499999999 0.32799765807962533 0.11659375000000001 0.08161592505854802
0 0.22240625 0.3001288056206089 0.07409375 0.06784543325526932
0 0.10391406249999999 0.17653395784543324 0.036890624999999996 0.030538641686182668
0 0.301515625 0.16242388758782203 0.056906250000000005 0.03459016393442623
0 0.6590546875000001 0.2149648711943794 0.07964062499999999 0.05480093676814988
0 0.5947109375 0.09718969555035128 0.015390625 0.01826697892271663
0 0.3822890625 0.1633957845433255 0.051671875 0.0297423887587822
0 0.9858671874999999 0.38126463700234187 0.028265625 0.05667447306791569
