0 0.2734140625 0.4296958637469586 0.084671875 0.08484184914841848
0 0.138109375 0.3190510948905109 0.0935 0.09138686131386863
0 0.36384374999999997 0.5441605839416058 0.14240625 0.09883211678832116
0 0.26065625 0.49326034063260343 0.1144375 0.09347931873479319
1 0.6384375 0.7189537712895377 0.09 0.08491484184914841
0 0.0715703125 0.5812895377128955 0.141359375 0.13951338199513383
0 0.41902343750000004 0.23405109489051093 0.057890624999999994 0.0640632603406326
0 0.360265625 0.2399270072992701 0.0141875 0.047785888077858885
0 0.382515625 0.14779805352798053 0.031468750000000004 0.031167883211678835
0 0.23650781249999997 0.18659367396593673 0.046421875 0.03800486618004866
