1 0.11257812500000001 0.6647780373831775 0.22503125000000002 0.21128504672897197
1 0.46325000000000005 0.5915303738317758 0.09718750000000001 0.12245327102803738
1 0.6255859375 0.6796378504672898 0.084640625 0.20044392523364488
1 0.379703125 0.6410630841121495 0.0959375 0.20432242990654206
1 0.689484375 0.5964135514018691 0.05675 0.1136214953271028
0 0.596640625 0.5138317757009346 0.10987499999999999 0.10542056074766354
1 0.47562499999999996 0.520911214953271 0.06659375 0.060233644859813085
0 0.0472578125 0.45989485981308414 0.038171875 0.03544392523364486
1 0.9545703124999999 0.5964719626168224 0.090234375 0.11696261682242991
1 0.77678125 0.5255490654205608 0.04090625 0.08315420560747665
1 0.9047031249999999 0.5483411214953271 0.0504375 0.031822429906542056
1 0.48177343750000007 0.4899766355140187 0.028671875000000003 0.03107476635514019
1 0.011140625 0.5548714953271028 0.02228125 0.06759345794392524
