1 0.2455234375 0.8949882352941176 0.032953125 0.10131764705882354
1 0.159171875 0.9394705882352941 0.0406875 0.09103529411764705
0 0.5814453125 0.6689647058823529 0.127109375 0.14630588235294117
0 0.73746875 0.5825882352941176 0.12268749999999999 0.1335529411764706
0 0.44246093750000004 0.8595529411764707 0.159671875 0.19101176470588238
0 0.16521875000000003 0.6986941176470588 0.13225 0.19997647058823528
0 0.622328125 0.43917647058823533 0.07440625 0.10748235294117647
0 0.9440156250000001 0.4491647058823529 0.08734375 0.1456705882352941
0 0.9146328125000001 0.42737647058823525 0.076453125 0.11762352941176471
0 0.4810703125 0.5044588235294117 0.050046875000000005 0.11240000000000001
0 0.331625 0.5493764705882352 0.07731249999999999 0.12623529411764706
0 0.1614375 0.47461176470588234 0.09071875 0.13040000000000002
1 0.26996875 0.6232470588235294 0.04375 0.10978823529411764
0 0.32785937499999995 0.23150588235294117 0.04653125 0.0675764705882353
1 0.15602343749999997 0.10154117647058823 0.0073906250000000005 0.02124705882352941
0 0.540625 0.26705882352941174 0.915625 0.5341176470588235
