0 0.8991953125000001 0.4838645833333333 0.201609375 0.14622916666666666
0 0.76775 0.4080625 0.10996874999999999 0.04120833333333333
0 0.6601250000000001 0.40974999999999995 0.107375 0.05708333333333333
0 0.4578515625 0.4210520833333334 0.051828125 0.042520833333333334
0 0.41968749999999994 0.42196874999999995 0.07859374999999999 0.0414375
1 0.4215859375 0.5668333333333333 0.24329687500000002 0.25504166666666667
1 0.6557421875 0.5545729166666666 0.165796875 0.21910416666666668
1 0.175421875 0.5504687500000001 0.0749375 0.1254375
1 0.2384375 0.5942916666666667 0.127375 0.13416666666666668
1 0.0877109375 0.5315520833333334 0.080921875 0.09102083333333333
1 0.5519609375 0.5325833333333333 0.136515625 0.17529166666666668
1 0.249609375 0.44159375 0.0268125 0.051062500000000004
1 0.17853125 0.4880833333333333 0.06146875 0.041958333333333334
1 0.44682031250000004 0.51296875 0.032015625 0.0983125
0 0.5739921874999999 0.41711458333333334 0.049484375000000004 0.03789583333333334
0 0.9602734374999999 0.398625 0.079453125 0.02795833333333333
1 0.30347656250000005 0.47961458333333334 0.044890625 0.06277083333333333
1 0.60546875 0.46979166666666666 0.5703125 0.15625
