0 0.1116953125 0.5636768149882904 0.220390625 0.4089929742388759
0 0.2802578125 0.5322599531615925 0.15042187499999998 0.23107728337236536
0 0.9295468750000001 0.5410070257611241 0.14090625 0.20449648711943794
0 0.7031640625000001 0.37078454332552696 0.032984374999999996 0.06742388758782202
0 0.9565625000000001 0.4329742388758782 0.044375 0.07362997658079626
0 0.7835234375 0.34989461358313817 0.030109375 0.04981264637002342
0 0.96 0.734519906323185 0.08 0.18833723653395784
1 0.44153906249999997 0.7247189695550352 0.439296875 0.43819672131147547
1 0.7331562500000001 0.8041100702576113 0.1589375 0.2516861826697892
1 0.85384375 0.752423887587822 0.1304375 0.24718969555035128
1 0.8369765625 0.49918032786885247 0.055484374999999996 0.14182669789227167
0 0.7383984375 0.3109718969555035 0.021890625 0.023442622950819673
0 0.6903203125 0.3121662763466042 0.011296875000000001 0.03318501170960187
0 0.831609375 0.316615925058548 0.057406250000000006 0.06882903981264638
0 0.628125 0.6100702576112412 0.728125 0.6440281030444965
