0 0.1994375 0.425807962529274 0.398875 0.4086182669789227
0 0.4545703125 0.30471896955503514 0.221921875 0.22316159250585482
0 0.6161640625 0.2663231850117096 0.130578125 0.17035128805620608
1 0.4290078125 0.7601288056206089 0.761859375 0.4549648711943794
1 0.5318046875 0.6788290398126464 0.401203125 0.5537704918032788
1 0.6589375000000001 0.6917564402810304 0.4033125 0.5707728337236534
1 0.7099140625 0.4674121779859484 0.349328125 0.25618266978922716
1 0.708625 0.5223302107728337 0.43309375 0.2627400468384075
0 0.0427265625 0.28202576112412175 0.082453125 0.23594847775175645
0 0.6858671875 0.23620608899297424 0.040109375 0.07049180327868852
0 0.7423437500000001 0.2618852459016393 0.06753125 0.06817330210772833
0 0.3523046875 0.2234074941451991 0.036078125 0.07088992974238875
1 0.49215625 0.9493559718969555 0.4575 0.07014051522248244
1 0.75540625 0.4015105386416862 0.40881249999999997 0.31618266978922716
