0 0.7702109375 0.3492431972789116 0.458390625 0.5995748299319729
0 0.26359374999999996 0.1411394557823129 0.26625 0.11496598639455781
0 0.09339062499999999 0.14323979591836733 0.13799999999999998 0.0804591836734694
1 0.48931250000000004 0.5248724489795918 0.8630000000000001 0.8921258503401361
1 0.063390625 0.8107312925170068 0.11715625 0.34003401360544216
0 0.19639843750000002 0.10533163265306122 0.071671875 0.04756802721088435
0 0.0115 0.13113945578231292 0.023 0.08350340136054422
0 0.036617187499999995 0.14077380952380952 0.07323437499999999 0.06916666666666667
0 0.4976640625 0.11595238095238096 0.290234375 0.10068027210884355
0 0.75075 0.09511054421768707 0.047625 0.023418367346938775
0 0.8255546875 0.0932312925170068 0.056859375000000004 0.024285714285714285
0 0.6808046875 0.09174319727891156 0.058015625 0.03454081632653061
0 0.0633984375 0.10721938775510205 0.09210937500000001 0.025391156462585034
0 0.6252734375 0.0926360544217687 0.096953125 0.04285714285714286
