1 0.3552421875 0.8390398126463701 0.337328125 0.32192037470726
1 0.602859375 0.605936768149883 0.08462499999999999 0.19669789227166276
1 0.678234375 0.4514754098360656 0.04046875 0.08065573770491803
1 0.6512578124999999 0.4823302107728338 0.022734375 0.028220140515222484
3 0.6650234375 0.323384074941452 0.122109375 0.06789227166276346
0 0.7354062499999999 0.6651639344262295 0.289375 0.3685480093676815
0 0.24514062499999997 0.6288407494145198 0.3913125 0.3775409836065574
0 0.0679375 0.5837002341920375 0.135875 0.31405152224824356
1 0.7885156249999999 0.41839578454332554 0.025875 0.036042154566744734
2 0.431796875 0.4809016393442622 0.20390625 0.2831615925058548
2 0.279265625 0.3755152224824356 0.18984375 0.16236533957845434
2 0.5680078125 0.3325995316159251 0.053703125 0.059953161592505855
2 0.48959374999999994 0.3142037470725995 0.0479375 0.06353629976580796
0 0.559265625 0.4679859484777517 0.07575 0.1369086651053864
0 0.73571875 0.4283255269320843 0.05996875 0.053372365339578454
0 0.2040859375 0.4741100702576112 0.163265625 0.10587822014051522
0 0.7555390625 0.4639461358313817 0.133421875 0.0757142857142857
0 0.5190078125 0.36025761124121775 0.017171875 0.022014051522248244
0 0.727125 0.38132318501170964 0.04159375 0.02189695550351288
0 0.54753125 0.3818032786885246 0.04334375 0.04763466042154567
0 0.6491718750000001 0.4096487119437939 0.02278125 0.06454332552693208
0 0.6561171875 0.38707259953161594 0.037109375 0.03592505854800937
1 0.70225 0.4392505854800936 0.01290625 0.03943793911007026
3 0.5301328125 0.32764637002341923 0.070078125 0.06737704918032787
1 0.6872890625 0.38951990632318506 0.024265625 0.05721311475409836
0 0.54765625 0.4484777517564403 0.4234375 0.3395784543325527
