1 0.4968515625 0.5657494145199063 0.142921875 0.4235362997658079
1 0.40178125 0.46001170960187354 0.12953125000000001 0.2367447306791569
0 0.6731796875 0.44943793911007024 0.224890625 0.16177985948477752
0 0.96621875 0.48256440281030444 0.0675625 0.11936768149882904
0 0.09115625000000001 0.35351288056206087 0.08696875 0.08065573770491803
0 0.16825 0.35928571428571426 0.07475000000000001 0.11051522248243559
0 0.3564140625 0.3852224824355972 0.071078125 0.0848711943793911
0 0.3299921875 0.3703747072599532 0.029328125 0.0659016393442623
2 0.0448671875 0.3156674473067915 0.06592187499999999 0.08800936768149882
2 0.127953125 0.30980093676814985 0.0891875 0.06503512880562061
2 0.054796875 0.32795081967213113 0.05437499999999999 0.06400468384074941
2 0.3750703125 0.32925058548009367 0.06351562499999999 0.03213114754098361
2 0.5381796875 0.3277985948477752 0.064578125 0.040983606557377046
0 0.3752890625 0.32729508196721313 0.06832812499999999 0.03482435597189695
0 0.427453125 0.3820608899297424 0.114125 0.10548009367681499
0 0.052992187499999996 0.32693208430913345 0.049515625 0.06768149882903982
0 0.23312499999999997 0.36354800936768156 0.01625 0.06288056206088993
0 0.4793125 0.33279859484777513 0.02109375 0.03496487119437939
0 0.2919921875 0.38466042154566743 0.019359375 0.05985948477751756
3 0.045578125000000004 0.31388758782201404 0.06496874999999999 0.08740046838407495
