0 0.7737604166666667 0.73865625 0.13618750000000002 0.06646875
0 0.6144270833333334 0.73278125 0.09452083333333333 0.054593749999999996
0 0.9689895833333334 0.74403125 0.0596875 0.0986875
0 0.5592812500000001 0.7347890625 0.07227083333333333 0.043953124999999996
0 0.42272916666666666 0.7280390625 0.03870833333333333 0.037171875
0 0.6782708333333333 0.7385625 0.09654166666666668 0.0503125
0 0.3753645833333333 0.7291640625 0.04560416666666667 0.028390625000000003
0 0.5230104166666666 0.7324765624999999 0.06302083333333333 0.042671875
0 0.34371875 0.7261484374999999 0.0340625 0.028015625
0 0.13458333333333333 0.7253593749999999 0.03825 0.021562500000000002
0 0.28263541666666664 0.726046875 0.0341875 0.02790625
1 0.8220520833333335 0.7441796875000001 0.08635416666666668 0.06476562500000001
0 0.017322916666666667 0.7250625 0.0320625 0.022093750000000002
1 0.8935729166666667 0.7502109375000001 0.09006249999999999 0.054796875
