0 0.43729687500000003 0.5688333333333334 0.05071875 0.06329166666666666
1 0.8590703124999999 0.6303958333333334 0.074390625 0.13033333333333333
1 0.6195390625 0.5938958333333333 0.050265625 0.07766666666666668
0 0.51403125 0.5708645833333335 0.04221875 0.058229166666666665
0 0.4906484375000001 0.5531041666666667 0.018890625 0.023958333333333335
0 0.4662109375 0.55234375 0.018859375 0.0190625
1 0.537578125 0.5849479166666666 0.0191875 0.04772916666666667
0 0.490390625 0.5331666666666667 0.01221875 0.005875
1 0.3290078125 0.5664895833333332 0.018453125 0.04485416666666667
1 0.18346093749999998 0.8541354166666667 0.365828125 0.29172916666666665
1 0.67365625 0.6277395833333335 0.04959375 0.1014375
