0 0.82465625 0.4352341920374707 0.1363125 0.14330210772833724
1 0.1231171875 0.6607025761124122 0.200046875 0.3928805620608899
1 0.2599453125 0.585655737704918 0.172109375 0.3350585480093677
1 0.39654687499999997 0.5228922716627634 0.1374375 0.3042388758782201
1 0.48517968749999996 0.5184660421545667 0.09526562499999999 0.2173536299765808
1 0.566234375 0.49427400468384075 0.11699999999999999 0.22377049180327868
1 0.6394140625 0.5036065573770492 0.085578125 0.16627634660421545
1 0.7147734375000001 0.4745784543325527 0.124921875 0.1315456674473068
1 0.6936796875 0.44909836065573766 0.175421875 0.15548009367681498
1 0.7546640625 0.6021077283372366 0.128203125 0.23025761124121777
