0 0.7251484375 0.4599413145539906 0.062640625 0.08922535211267606
0 0.827890625 0.44835680751173707 0.045625 0.04816901408450704
0 0.20486718750000002 0.5014671361502347 0.148390625 0.12227699530516432
0 0.9217890624999999 0.455868544600939 0.10007812499999999 0.06539906103286384
0 0.2776015625 0.48406103286384977 0.075046875 0.1088262910798122
0 0.0444765625 0.529037558685446 0.088953125 0.15455399061032865
0 0.17004687500000001 0.45941314553990603 0.11168750000000001 0.08455399061032864
0 0.030820312500000002 0.5548708920187794 0.060140625 0.16312206572769952
1 0.17193750000000002 0.7709272300469484 0.11034375 0.31654929577464785
1 0.0948515625 0.5867957746478873 0.070265625 0.1847183098591549
1 0.50484375 0.6504929577464789 0.088 0.20741784037558686
1 0.6016640625 0.5384976525821596 0.05582812499999999 0.12582159624413145
1 0.6903046875000001 0.5148474178403756 0.040453125 0.09669014084507041
1 0.40657812499999996 0.5541901408450705 0.05053125000000001 0.1506807511737089
1 0.7664921875 0.46366197183098595 0.024921875 0.056150234741784044
1 0.46674218750000007 0.4837206572769953 0.033109375 0.07880281690140845
1 0.331453125 0.5274178403755869 0.053468749999999995 0.13291079812206572
1 0.6554765625 0.5038028169014085 0.038078125000000004 0.08549295774647887
1 0.5549765625 0.4870070422535211 0.034578125 0.07532863849765259
1 0.6308828125 0.4734859154929577 0.026203125 0.06692488262910798
1 0.5773828125 0.5001173708920187 0.023984375 0.06915492957746479
1 0.7092578125 0.5012793427230047 0.012765625 0.07673708920187793
1 0.79375 0.45422535211267606 0.01875 0.03990610328638498
