0 0.14049218749999998 0.6384250764525994 0.025296875000000003 0.037645259938837924
0 0.128484375 0.5883486238532111 0.02434375 0.03223241590214067
0 0.089671875 0.5844036697247708 0.024125 0.034128440366972476
3 0.7451640625 0.7071712538226299 0.165328125 0.12584097859327217
3 0.516109375 0.8464984709480122 0.18715625 0.2651681957186544
3 0.09428906249999999 0.85368501529052 0.070609375 0.25617737003058105
3 0.0486875 0.7266819571865444 0.097375 0.1412538226299694
3 0.01203125 0.8466360856269114 0.0240625 0.2017737003058104
2 0.4651249999999999 0.6076299694189602 0.054593749999999996 0.06724770642201834
0 0.1637734375 0.5833639143730887 0.015609375 0.033700305810397554
1 0.2514375 0.9838685015290519 0.012625 0.030672782874617735
2 0.57265625 0.6467889908256881 0.11059375 0.07785932721712538
2 0.8911328125000001 0.8477217125382263 0.181453125 0.1629051987767584
2 0.23819531249999998 0.5554892966360856 0.048546875 0.060275229357798166
1 0.710140625 0.7490519877675841 0.02690625 0.04048929663608563
1 0.5860000000000001 0.7230122324159022 0.020125 0.02657492354740061
