0 0.022171875 0.12455782312925169 0.0440625 0.07396825396825396
0 0.090640625 0.09063492063492064 0.1423125 0.07210884353741497
0 0.106546875 0.08247165532879817 0.1783125 0.07809523809523809
0 0.79021875 0.11242630385487527 0.094625 0.0892517006802721
0 0.1725078125 0.0843764172335601 0.084890625 0.06789115646258503
0 0.5435078125 0.1842630385487528 0.393296875 0.2651700680272109
0 0.2059453125 0.09198412698412697 0.072015625 0.05285714285714285
0 0.6117578125 0.10198412698412698 0.121265625 0.09140589569160998
1 0.6774296874999999 0.5233106575963719 0.43742187499999996 0.6811791383219954
1 0.5359140625000001 0.32028344671201814 0.18548437499999998 0.22197278911564625
1 0.4822265625 0.2588548752834467 0.206578125 0.20219954648526078
1 0.5067890625 0.24971655328798187 0.094046875 0.054988662131519275
0 0.6911640625 0.09648526077097505 0.024453125 0.030702947845804986
0 0.0687421875 0.09993197278911564 0.137484375 0.09233560090702947
0 0.04509375 0.11099773242630386 0.0899375 0.09682539682539683
0 0.425 0.09863945578231292 0.546875 0.1111111111111111
