3 0.60746875 0.24776995305164318 0.10046875 0.23173708920187794
3 0.46990625 0.11759389671361502 0.03665625 0.0753755868544601
3 0.3508046875 0.24774647887323945 0.101953125 0.1824413145539906
2 0.32855468749999994 0.6474765258215962 0.147984375 0.31152582159624415
0 0.5257343750000001 0.614131455399061 0.10184375000000001 0.18812206572769954
0 0.38915625 0.4482042253521127 0.08546875000000001 0.10772300469483569
0 0.4177890625 0.38245305164319243 0.064109375 0.09833333333333333
0 0.43200781250000003 0.3280868544600939 0.055671875 0.07471830985915492
0 0.5333828125 0.47644366197183097 0.083328125 0.12776995305164318
0 0.42121875 0.1698474178403756 0.02371875 0.03504694835680751
0 0.148078125 0.6153638497652582 0.1555625 0.20673708920187792
1 0.6370937499999999 0.7439201877934272 0.0309375 0.10746478873239437
1 0.5213593750000001 0.852018779342723 0.05625 0.14530516431924884
1 0.791171875 0.8656807511737089 0.06409375 0.19408450704225352
3 0.570046875 0.17394366197183098 0.0670625 0.18666666666666665
3 0.6079375 0.11802816901408451 0.0521875 0.06887323943661972
2 0.46236718750000005 0.15163145539906103 0.027859375 0.03753521126760563
0 0.5181875 0.36944835680751176 0.05709375 0.08387323943661971
0 0.4411015625 0.2732042253521127 0.046828125 0.06753521126760563
0 0.5265390625 0.24852112676056337 0.041390625 0.06596244131455399
0 0.6269843749999999 0.4612089201877934 0.0694375 0.12124413145539906
1 0.10657812500000001 0.777112676056338 0.07009375 0.12530516431924882
1 0.869921875 0.8642018779342723 0.06765625 0.13615023474178403
1 0.436046875 0.7541549295774649 0.04925 0.11173708920187794
1 0.192 0.7836971830985915 0.05896875 0.13772300469483567
1 0.047585937499999995 0.7635798122065727 0.069640625 0.13800469483568076
1 0.1056875 0.41649061032863854 0.029406250000000002 0.04307511737089202
1 0.9625234375 0.8867723004694835 0.074953125 0.15528169014084509
1 0.695515625 0.742699530516432 0.0471875 0.11699530516431926
1 0.87003125 0.6613967136150235 0.03425 0.09598591549295775
0 0.2437109375 0.47981220657276996 0.104078125 0.13042253521126762
1 0.810125 0.6563028169014086 0.02678125 0.041291079812206574
3 0.5081796875 0.16512910798122066 0.048515625 0.09363849765258216
2 0.28175 0.3607981220657277 0.09940625 0.15028169014084505
2 0.4484921875 0.21010563380281694 0.040671875 0.08147887323943662
2 0.7347812499999999 0.4363615023474179 0.12446874999999999 0.21300469483568074
1 0.5 0.47769953051643194 0.996875 0.7723004694835681
0 0.4734375 0.3591549295774648 0.9375 0.5258215962441315
