0 0.36629 0.86212 0.18722 0.23933333333333334
0 0.80122 0.71656 0.10723999999999999 0.12858666666666665
0 0.60213 0.6404133333333334 0.06038 0.06802666666666667
0 0.53203 0.5879866666666667 0.037939999999999995 0.03736
0 0.03371 0.6987199999999999 0.06609999999999999 0.11072000000000001
0 0.2307 0.59456 0.055439999999999996 0.05146666666666667
0 0.68333 0.6333333333333333 0.04814 0.07162666666666667
0 0.97 0.68248 0.06 0.10010666666666666
0 0.55688 0.6438666666666667 0.0402 0.03258666666666667
0 0.5671700000000001 0.6146266666666667 0.03114 0.03389333333333334
0 0.62679 0.6087066666666666 0.028820000000000002 0.05069333333333334
0 0.56037 0.5893733333333333 0.01774 0.02488
1 0.78659 0.6313599999999999 0.04238 0.050666666666666665
0 0.5863400000000001 0.5759333333333333 0.03692 0.03133333333333333
0 0.718 0.3373333333333333 0.56 0.6053333333333333
