0 0.0679296875 0.7033202099737532 0.119109375 0.10931758530183727
0 0.9194140625000001 0.5960236220472441 0.029109375 0.05
0 0.9521953125 0.5903280839895013 0.018078125 0.04727034120734908
1 0.6480390625 0.7177034120734908 0.09476562499999999 0.19057742782152232
1 0.5760546875 0.726968503937008 0.042484375000000005 0.1463779527559055
3 0.8094999999999999 0.5886220472440945 0.18203125 0.16832020997375327
1 0.436875 0.7252887139107612 0.0830625 0.10711286089238846
1 0.2530546875 0.7255905511811024 0.035578125 0.08236220472440944
1 0.23446093750000002 0.7184776902887139 0.045890625000000004 0.07711286089238845
1 0.514390625 0.7240551181102363 0.062875 0.14874015748031497
1 0.3925859375 0.7187007874015747 0.031828125 0.09965879265091863
1 0.333171875 0.7213385826771653 0.07740625 0.11643044619422573
1 0.383359375 0.6861811023622048 0.033187499999999995 0.13225721784776903
2 0.9417890625 0.549238845144357 0.035546875 0.04551181102362205
3 0.43794531249999996 0.5951049868766405 0.185140625 0.07146981627296588
1 0.2951484375 0.7202099737532808 0.033078125 0.09753280839895012
1 0.18428125 0.7268635170603674 0.043 0.09787401574803149
0 0.9054609375 0.6019816272965879 0.022203125 0.05955380577427822
0 0.9893124999999999 0.5811286089238845 0.014499999999999999 0.040577427821522315
1 0.4885625 0.723766404199475 0.02709375 0.1088976377952756
2 0.06700781250000001 0.6992125984251968 0.10079687500000001 0.11711286089238844
