0 0.6784296875 0.7038125000000001 0.079828125 0.074875
0 0.497703125 0.6593645833333334 0.03096875 0.04635416666666667
0 0.2668828125 0.68090625 0.06576562500000001 0.06814583333333334
0 0.330359375 0.6784895833333333 0.055874999999999994 0.052812500000000005
0 0.8587031249999999 0.80225 0.27809375 0.22920833333333332
1 0.7467265625 0.7133020833333333 0.022796875 0.0466875
1 0.12166406250000002 0.6679270833333334 0.038546875 0.02722916666666667
1 0.23566406250000002 0.6542604166666667 0.011671875 0.0265625
1 0.2221328125 0.6513541666666666 0.019046874999999998 0.03520833333333333
1 0.20520312500000001 0.6472395833333333 0.02096875 0.035604166666666666
1 0.44973437499999996 0.6735625 0.011125 0.02325
1 0.6363984375 0.9546145833333334 0.053703125 0.07202083333333334
0 0.5968828125 0.6507708333333333 0.021609375 0.035333333333333335
0 0.929515625 0.6758541666666666 0.05796875 0.03370833333333333
1 0.37276562500000004 0.6839375 0.0188125 0.02354166666666667
1 0.3868125 0.6682291666666667 0.01859375 0.017208333333333332
1 0.47006249999999994 0.6614479166666667 0.008624999999999999 0.0183125
1 0.461421875 0.6542708333333334 0.0075625 0.01975
1 0.5739296875 0.6465729166666666 0.005265625 0.009229166666666667
1 0.18580468749999998 0.64978125 0.022421875 0.03260416666666667
1 0.14375 0.640625 0.0625 0.04375
