0 0.8992890625 0.6297604166666667 0.201421875 0.1491875
0 0.9123515624999999 0.43091666666666667 0.082203125 0.035791666666666666
0 0.8702343749999999 0.4274375 0.0305625 0.04504166666666667
0 0.842421875 0.4204791666666667 0.02278125 0.020666666666666667
0 0.8162421875000001 0.42301041666666667 0.026015624999999997 0.049770833333333334
1 0.8654531249999999 0.8449479166666667 0.251125 0.3101041666666667
1 0.2572734375 0.5047291666666667 0.07323437499999999 0.10920833333333334
1 0.057671875 0.5475520833333333 0.11465624999999999 0.10285416666666666
1 0.0418515625 0.48374999999999996 0.047734375 0.043916666666666666
0 0.8877421875 0.42081250000000003 0.018484375 0.018958333333333334
0 0.9297187499999999 0.4156875 0.0631875 0.03925
