0 0.20754687499999996 0.9238413361169103 0.2069375 0.15231732776617954
0 0.6327109375 0.9161377870563674 0.14351562499999998 0.13281837160751564
0 0.7833749999999999 0.8596868475991649 0.051625 0.04768267223382046
0 0.4365234375 0.9208455114822547 0.179515625 0.15718162839248437
0 0.0556171875 0.9079123173277661 0.109640625 0.13553235908141964
0 0.12603124999999998 0.897651356993737 0.0998125 0.1105427974947808
0 0.305828125 0.8995093945720251 0.10590625000000001 0.14498956158663884
0 0.1764140625 0.8372442588726514 0.054796875 0.032233820459290186
0 0.38182812499999996 0.8415553235908141 0.04525 0.05304801670146138
0 0.4443750000000001 0.8363152400835073 0.03746875 0.02290187891440501
1 0.3184140625 0.939133611691023 0.096765625 0.12173277661795408
0 0.265140625 0.8306471816283925 0.0410625 0.025177453027139876
0 0.3544453125 0.8332045929018789 0.024921875 0.025407098121085596
