0 0.3996015625 0.31994769874476986 0.327296875 0.1447489539748954
0 0.089921875 0.2686192468619247 0.17825 0.12422594142259415
0 0.6900156249999999 0.3055857740585774 0.24928124999999998 0.1105439330543933
0 0.9463046875 0.3273953974895398 0.107390625 0.17859832635983264
0 0.5033828125 0.22927824267782426 0.048796875 0.03403765690376569
1 0.5059453125 0.2826255230125523 0.077265625 0.06366108786610879
0 0.10001562500000001 0.22406903765690378 0.0988125 0.05098326359832636
0 0.5660390625 0.22800209205020922 0.030296875 0.01608786610878661
0 0.56175 0.2608786610878661 0.11287499999999999 0.05171548117154812
0 0.7969609375 0.2706485355648536 0.116890625 0.05682008368200837
0 0.133328125 0.20879707112970713 0.1265625 0.05947698744769874
