0 0.0929453125 0.5660729166666666 0.022328124999999997 0.02272916666666667
0 0.2484765625 0.5599479166666668 0.014703125000000001 0.0201875
1 0.613484375 0.8494375000000001 0.2528125 0.27416666666666667
0 0.029921874999999997 0.5790833333333333 0.023625 0.03679166666666667
1 0.43846093750000004 0.7493958333333333 0.129484375 0.29116666666666663
1 0.32446875 0.6437916666666667 0.060750000000000005 0.14150000000000001
1 0.2828359375 0.6331458333333333 0.048234375 0.08708333333333333
1 0.2430546875 0.6173333333333333 0.039359375 0.080125
1 0.2165546875 0.6142604166666668 0.023078124999999998 0.04864583333333334
1 0.1951640625 0.5906458333333333 0.009828125 0.02825
1 0.36914843750000004 0.6819375000000001 0.062953125 0.198875
1 0.1872109375 0.5793645833333333 0.006609375000000001 0.0173125
1 0.181953125 0.5750520833333332 0.00690625 0.020562499999999997
1 0.1776015625 0.5694791666666666 0.006671874999999999 0.018041666666666668
0 0.1088125 0.5673125 0.012750000000000001 0.015625
0 0.069640625 0.5738229166666666 0.01546875 0.023270833333333334
0 0.06040625000000001 0.5771354166666668 0.0136875 0.028604166666666667
0 0.039820312499999996 0.5753645833333334 0.032671875 0.0373125
0 0.011679687499999999 0.5827291666666666 0.023296875 0.049291666666666664
