0 0.5091600000000001 0.5064094955489614 0.0442 0.07833827893175074
0 0.5269199999999999 0.46505934718100894 0.032920000000000005 0.036824925816023736
0 0.45666 0.4809940652818991 0.045880000000000004 0.08632047477744807
1 0.61739 0.4951632047477745 0.0261 0.07228486646884273
0 0.9442 0.5009792284866469 0.06972 0.08706231454005935
0 0.90104 0.489540059347181 0.082 0.08643916913946587
0 0.79546 0.4954451038575667 0.019600000000000003 0.046083086053412464
0 0.69798 0.4744955489614243 0.03872 0.04827893175074184
0 0.67638 0.47574183976261125 0.02648 0.048041543026706233
0 0.6587000000000001 0.47341246290801187 0.027239999999999997 0.04255192878338279
0 0.64724 0.46596439169139464 0.04396 0.06332344213649851
