1 0.5975703125 0.6617957746478873 0.435265625 0.46518779342723005
1 0.3119609375 0.4882042253521127 0.47204687500000003 0.4317605633802817
1 0.82753125 0.3842605633802817 0.1988125 0.29551643192488264
1 0.9024062500000001 0.7235211267605635 0.1951875 0.5529577464788732
1 0.6783359375000001 0.3775234741784037 0.180984375 0.25617370892018776
1 0.54528125 0.329518779342723 0.16924999999999998 0.21481220657276998
0 0.6877421875 0.2166549295774648 0.067328125 0.07467136150234742
0 0.39617187499999995 0.2062323943661972 0.03578125 0.03161971830985916
0 0.1257890625 0.1441431924882629 0.10395312500000001 0.12326291079812206
1 0.10863281250000001 0.4189084507042254 0.055140625 0.1305399061032864
