0 0.221140625 0.41785416666666664 0.1253125 0.09525
0 0.038671875 0.4587395833333333 0.07062500000000001 0.1345208333333333
1 0.1837734375 0.5521875 0.246359375 0.24070833333333336
1 0.746109375 0.6232187499999999 0.25456249999999997 0.2553125
1 0.338328125 0.5216145833333333 0.1379375 0.1290625
1 0.9200156249999999 0.5915208333333334 0.15996875 0.21387499999999998
1 0.591046875 0.60484375 0.05371875 0.1159375
3 0.021687500000000002 0.35089583333333335 0.0415625 0.14595833333333333
2 0.2178359375 0.42471875000000003 0.135515625 0.12077083333333333
1 0.7463437500000001 0.5079166666666667 0.0954375 0.09275000000000001
1 0.8944140624999999 0.48665625 0.091859375 0.07539583333333333
1 0.79765625 0.5428125 0.1203125 0.12633333333333333
0 0.655578125 0.32492708333333337 0.01728125 0.018104166666666664
0 0.8633828124999999 0.3242083333333333 0.032609375 0.035416666666666666
