1 0.487984375 0.6546855345911949 0.5224375 0.6062578616352201
1 0.830140625 0.3672091194968553 0.33971874999999996 0.23712264150943396
1 0.245875 0.31654088050314466 0.19909375 0.27770440251572326
1 0.11697656250000002 0.3197327044025158 0.153734375 0.2242138364779874
1 0.3475859375 0.3024135220125786 0.10792187499999999 0.18536163522012578
0 0.9268125000000002 0.1842059748427673 0.146375 0.13875786163522014
0 0.9466015624999999 0.13812106918238992 0.10679687499999999 0.05646226415094339
1 0.01853125 0.30504716981132074 0.0370625 0.21339622641509434
1 0.45689062500000005 0.3433411949685534 0.065 0.05023584905660377
1 0.1596640625 0.23203616352201256 0.046765625 0.05772012578616352
