1 0.2424774774774775 0.84253 0.18105105105105104 0.08334
0 0.40309309309309305 0.75834 0.1778978978978979 0.05472
0 0.6479429429429429 0.75197 0.1211111111111111 0.03678
0 0.5571621621621622 0.74811 0.09102102102102101 0.0273
0 0.2074774774774775 0.7465700000000001 0.1467867867867868 0.03574
0 0.10006006006006006 0.7414299999999999 0.1403003003003003 0.03334
0 0.040285285285285286 0.75385 0.07570570570570571 0.03978
0 0.5124324324324324 0.74232 0.09273273273273273 0.030359999999999998
0 0.6806906906906908 0.73618 0.06204204204204204 0.02084
0 0.7012012012012012 0.7158100000000001 0.08414414414414415 0.026699999999999998
0 0.8776726726726727 0.74158 0.05678678678678679 0.02364
0 0.7291891891891893 0.74185 0.0366966966966967 0.020739999999999998
0 0.9041291291291291 0.7393 0.034504504504504506 0.019760000000000003
