0 0.023296875 0.4874941451990632 0.04090625 0.027259953161592507
1 0.5186015625 0.6670608899297423 0.229203125 0.22447306791569085
1 0.696265625 0.6632084309133489 0.1556875 0.1845433255269321
1 0.8191640625 0.6629625292740047 0.128359375 0.146768149882904
1 0.2891640625 0.5847658079625293 0.12045312500000001 0.14072599531615926
1 0.3595390625 0.5835714285714286 0.105671875 0.12391100702576112
1 0.6392968750000001 0.5751873536299765 0.0475625 0.09402810304449648
1 0.8189375 0.6164754098360656 0.21203124999999998 0.1897658079625293
1 0.9069765625 0.5976346604215457 0.174265625 0.19451990632318503
1 0.30095312500000004 0.5234894613583139 0.033468750000000005 0.04304449648711944
1 0.5186875000000001 0.574391100702576 0.05500000000000001 0.11800936768149883
1 0.1236328125 0.5864168618266979 0.092515625 0.17531615925058547
0 0.27278125000000003 0.48804449648711945 0.05475 0.031311475409836066
0 0.0275859375 0.4678337236533958 0.028703125000000003 0.01810304449648712
0 0.17140625 0.4841569086651054 0.052531249999999995 0.03641686182669789
1 0.601515625 0.543711943793911 0.05378125 0.055245901639344265
0 0.25059375 0.45558548009367683 0.033187499999999995 0.028735362997658078
0 0.3341640625 0.4871662763466042 0.043640625 0.034894613583138175
0 0.376765625 0.48316159250585483 0.056499999999999995 0.03133489461358314
0 0.3481328125 0.46682669789227166 0.033359375000000004 0.022833723653395786
1 0.49765625 0.5550351288056206 0.9953125 0.17330210772833723
