0 0.501615925058548 0.8344140624999999 0.996768149882904 0.301078125
0 0.46483606557377044 0.7130078125000001 0.6739344262295082 0.378421875
0 0.8621896955503512 0.5870859374999999 0.2712177985948478 0.171171875
0 0.358688524590164 0.5457890625 0.34627634660421547 0.10970312499999998
0 0.35340749414519906 0.4819062499999999 0.18124121779859484 0.0340625
0 0.14959016393442623 0.4682734375 0.09997658079625292 0.027390625000000002
0 0.9543793911007027 0.49839843749999996 0.09124121779859486 0.038109375
0 0.9352224824355972 0.48277343749999996 0.12955503512880562 0.038515625
1 0.1086768149882904 0.6278359375 0.16274004683840748 0.207359375
1 0.04002341920374707 0.6362265624999999 0.07578454332552693 0.15167187499999998
