0 0.9308299999999999 0.7623699421965319 0.13834 0.44514450867052024
0 0.85289 0.6808381502890173 0.09754 0.2636416184971098
0 0.9266700000000001 0.7008526011560694 0.14318 0.3500867052023121
0 0.04119 0.6241907514450867 0.0433 0.06196531791907515
0 0.5449100000000001 0.6286560693641619 0.02714 0.03320809248554913
0 0.8028099999999999 0.6714739884393063 0.02634 0.10647398843930637
0 0.74509 0.6543497109826589 0.01342 0.0511849710982659
1 0.7797200000000001 0.6723410404624277 0.016 0.04427745664739884
0 0.61319 0.6970231213872832 0.14542 0.15606936416184972
1 0.42019 0.7404335260115606 0.038020000000000005 0.11763005780346822
1 0.7639300000000001 0.6700433526011561 0.02166 0.044653179190751444
