1 0.30675 0.847751756440281 0.04371875 0.08566744730679156
0 0.5468359375 0.849824355971897 0.139015625 0.18208430913348947
0 0.328984375 0.6978454332552694 0.112625 0.14552693208430914
0 0.42674218750000004 0.6113348946135831 0.106421875 0.15447306791569085
0 0.6225625 0.5834894613583138 0.03203125 0.09213114754098362
0 0.7000468750000001 0.5776814988290397 0.07728125 0.10950819672131147
0 0.7278203125 0.5953629976580797 0.039265625 0.09049180327868853
0 0.915375 0.664847775175644 0.11021875 0.1881030444964871
0 0.5893906250000001 0.5208782201405152 0.04840625 0.07421545667447307
0 0.9884453125 0.7765456674473068 0.023109374999999998 0.20985948477751756
0 0.037890625 0.9111007025761124 0.07578125 0.14814988290398126
0 0.6337265624999999 0.21826697892271663 0.040328125 0.03320843091334894
0 0.675796875 0.21644028103044494 0.04653125 0.03428571428571429
0 0.5716953124999999 0.48689695550351286 0.047890625 0.05220140515222482
0 0.5078125 0.2927400468384075 0.128125 0.31381733021077285
