0 0.6279140625 0.9717631103074142 0.134109375 0.053146473779385174
0 0.8375859375000001 0.9573236889692586 0.054203125 0.032947558770343575
0 0.7412578125 0.9744032549728753 0.061484375 0.046889692585895114
0 0.9366328125000001 0.9545569620253165 0.042984375000000005 0.038227848101265824
0 0.3971015625 0.9861573236889694 0.154171875 0.027685352622061482
0 0.966625 0.9521880650994574 0.032968750000000005 0.03074141048824593
0 0.8165546875 0.9796835443037974 0.131109375 0.040343580470162746
0 0.24892187500000001 0.9910669077757687 0.18290625 0.01786618444846293
0 0.894921875 0.9316907775768536 0.0128125 0.01050632911392405
1 0.9095546875 0.9539421338155515 0.010296875 0.018119349005424955
0 0.8883359375 0.942377938517179 0.036671875 0.022260397830018083
0 0.9133203125 0.9299547920433996 0.014859375 0.009710669077757686
