0 0.5284941176470589 0.4822421875000001 0.1864470588235294 0.07960937500000001
1 0.1336705882352941 0.5633125 0.10894117647058822 0.14415625
1 0.5103882352941176 0.5304296875 0.09912941176470588 0.089703125
1 0.6949058823529412 0.5457656249999999 0.12971764705882355 0.1139375
1 0.931 0.5563125 0.13225882352941176 0.09684374999999999
1 0.752164705882353 0.5385703125 0.0420235294117647 0.096796875
1 0.3795176470588235 0.5377031250000001 0.07432941176470588 0.097375
1 0.2654470588235294 0.50690625 0.06242352941176471 0.06696875
1 0.2145176470588235 0.5110703125 0.0496 0.07960937500000001
1 0.632835294117647 0.5277109375 0.03818823529411765 0.06489062500000001
