0 0.77344 0.6396696696696696 0.13716 0.26006006006006005
0 0.6869500000000001 0.6050450450450451 0.1347 0.18426426426426426
0 0.5994599999999999 0.5474324324324324 0.055600000000000004 0.10597597597597597
0 0.9007 0.6612612612612613 0.1986 0.38696696696696703
3 0.49613 0.4954954954954955 0.15713999999999997 0.2809009009009009
0 0.062079999999999996 0.6234234234234234 0.12415999999999999 0.23333333333333334
0 0.03525 0.8130630630630631 0.0705 0.34684684684684686
0 0.05758 0.5308108108108108 0.11431999999999999 0.09033033033033032
0 0.25885 0.5524174174174175 0.10882 0.18087087087087086
0 0.61519 0.4866666666666667 0.04942 0.04840840840840841
0 0.6212 0.5714864864864865 0.054079999999999996 0.10945945945945947
1 0.34062 0.5911861861861861 0.028640000000000002 0.08693693693693694
1 0.37676 0.5722372372372373 0.021920000000000002 0.06717717717717718
1 0.31962999999999997 0.60493993993994 0.0169 0.05660660660660661
2 0.38467 0.5360060060060059 0.06502 0.1216816816816817
0 0.19986 0.5893543543543543 0.14804 0.16855855855855856
