1 0.295359375 0.7054895833333333 0.0296875 0.06660416666666666
3 0.947265625 0.6675520833333334 0.10490625 0.15802083333333333
0 0.495625 0.7260520833333334 0.10406249999999999 0.10777083333333333
0 0.5332421875000001 0.7027708333333335 0.061078125000000004 0.07358333333333333
0 0.3244296875 0.69034375 0.044671875 0.0699375
0 0.49712500000000004 0.6539270833333333 0.023 0.019979166666666666
0 0.17617968750000002 0.7145208333333334 0.082453125 0.09316666666666666
0 0.013507812499999999 0.7319166666666667 0.026421875 0.11208333333333333
0 0.0926171875 0.7156666666666667 0.070046875 0.07633333333333334
0 0.22149999999999997 0.7335833333333334 0.11168750000000001 0.11095833333333333
0 0.7200859374999999 0.6701458333333332 0.030953124999999998 0.03658333333333333
0 0.7039296875 0.6665937500000001 0.020953125 0.03977083333333333
0 0.6228046875 0.6508229166666667 0.015046875000000001 0.02285416666666667
0 0.6068984374999999 0.6576458333333334 0.027390625000000002 0.024125
1 0.9038671875000001 0.83978125 0.053234375 0.10102083333333334
2 0.42692968750000004 0.69365625 0.10779687499999999 0.1385625
0 0.2895625 0.6736041666666667 0.0380625 0.05183333333333333
0 0.59140625 0.659375 0.5171875 0.07291666666666667
