0 0.09430913348946135 0.47796093749999996 0.1010304449648712 0.06742187499999999
0 0.2581850117096019 0.40660937500000005 0.06878220140515223 0.043625000000000004
0 0.1836065573770492 0.379875 0.06576112412177985 0.034875
0 0.20346604215456673 0.34484375 0.05063231850117096 0.033187499999999995
1 0.25617096018735364 0.37640625 0.01946135831381733 0.021406249999999998
0 0.17387587822014053 0.317515625 0.03585480093676815 0.021406249999999998
0 0.3541334894613583 0.3556953125 0.07159250585480094 0.028984375
0 0.18148711943793913 0.58965625 0.1345433255269321 0.10140625
0 0.08838407494145199 0.8882890625 0.17676814988290399 0.22342187500000002
0 0.23959016393442623 0.3183125 0.03857142857142857 0.02384375
0 0.3163348946135831 0.3072734375 0.033559718969555036 0.021796875
0 0.121135831381733 0.356671875 0.05533957845433255 0.0321875
0 0.34764637002341925 0.2919375 0.03697892271662763 0.0239375
0 0.24355971896955503 0.28984375 0.0468384074941452 0.0453125
