0 0.9186030828516377 0.3099296875 0.10691714836223506 0.029046875
0 0.7996146435452793 0.32248437500000005 0.05052023121387283 0.0345625
0 0.9662909441233141 0.2957734375 0.04826589595375723 0.019421874999999998
0 0.7826878612716762 0.313875 0.09377649325626204 0.043437500000000004
0 0.728111753371869 0.313171875 0.05472061657032755 0.0118125
0 0.8552023121387282 0.30260937499999996 0.05953757225433526 0.018687500000000003
0 0.9865510597302505 0.3116640625 0.026897880539499038 0.020234375
1 0.4170520231213873 0.45392968749999996 0.39071290944123316 0.561796875
1 0.6416281310211946 0.37042968750000005 0.19184971098265893 0.102609375
0 0.014460500963391137 0.3489140625 0.028921001926782274 0.010078125
0 0.28395953757225434 0.34453906250000005 0.054971098265895954 0.042640625
0 0.668150289017341 0.3251015625 0.046782273603082854 0.026765624999999998
0 0.07826589595375723 0.35875781250000005 0.02030828516377649 0.019703125
0 0.09502890173410403 0.3458359375 0.06312138728323699 0.007484375
0 0.7764932562620424 0.47734375 0.44315992292870904 0.6671875
