0 0.5068828125 0.8129028697571744 0.158296875 0.19353200883002208
0 0.7382578125 0.8021523178807947 0.146140625 0.20646799116997794
0 0.593546875 0.6127483443708609 0.11284374999999999 0.14183222958057395
0 0.7575234375 0.6687086092715231 0.10679687499999999 0.11432671081677705
0 0.23567187499999998 0.8797902869757174 0.19971875 0.21671081677704196
0 0.41911718750000004 0.6011258278145696 0.135203125 0.15505518763796908
0 0.497703125 0.5385209713024283 0.1036875 0.152317880794702
1 0.602390625 0.9574613686534216 0.0656875 0.08507726269315673
3 0.21067968750000002 0.6067218543046359 0.328078125 0.4089845474613687
3 0.4337734375 0.31514348785871965 0.130703125 0.16415011037527594
0 0.054421874999999995 0.8837417218543047 0.10884374999999999 0.23251655629139073
0 0.765625 0.5743487858719647 0.0803125 0.07532008830022074
0 0.5920625 0.7098565121412804 0.13265625 0.16845474613686534
3 0.543265625 0.2285871964679912 0.0748125 0.10309050772626932
2 0.37318749999999995 0.7325938189845475 0.1776875 0.2179470198675497
0 0.6891953125 0.4190949227373069 0.074640625 0.08450331125827815
1 0.8731562499999999 0.3247350993377484 0.0158125 0.033487858719646796
1 0.8622031250000001 0.5663907284768211 0.028499999999999998 0.04699779249448124
1 0.812921875 0.6275165562913907 0.056281250000000005 0.08311258278145695
