0 0.1596796875 0.38117370892018787 0.025765624999999997 0.032206572769953055
0 0.21115625000000002 0.38097417840375586 0.025312499999999998 0.029976525821596243
0 0.25659375000000006 0.38188967136150237 0.019875 0.027253521126760563
0 0.2885390625 0.3535093896713615 0.023578125 0.026032863849765258
0 0.3153359375 0.33487089201877934 0.015328125000000001 0.016220657276995305
0 0.35690625 0.32149061032863846 0.021812500000000002 0.025704225352112673
1 0.8460156249999999 0.6129694835680751 0.30796875 0.6356572769953052
1 0.5184375 0.5423826291079812 0.12268749999999999 0.23039906103286387
1 0.418765625 0.5289671361502347 0.07571875 0.1743192488262911
1 0.1383984375 0.547887323943662 0.030359375 0.08821596244131455
1 0.2233515625 0.5666784037558685 0.058203125 0.115
0 0.3285859375 0.3496596244131456 0.017296875 0.021103286384976525
1 0.28984375 0.5584272300469483 0.0866875 0.2335680751173709
1 0.1756953125 0.526924882629108 0.046921875 0.15812206572769952
1 0.094609375 0.5293075117370891 0.028687499999999998 0.08011737089201879
1 0.34471093750000004 0.5268544600938967 0.038734375 0.10070422535211267
