1 0.31637499999999996 0.47221874999999996 0.0663125 0.11872916666666668
1 0.41096875 0.48970833333333336 0.06290625 0.09749999999999999
1 0.518625 0.5007291666666667 0.0685625 0.10416666666666667
1 0.6708593749999999 0.49553125 0.064125 0.11639583333333332
1 0.8343593749999998 0.4948333333333333 0.05878124999999999 0.10279166666666667
0 0.41475 0.4452291666666667 0.092625 0.07758333333333334
0 0.0444921875 0.4778541666666667 0.088984375 0.15420833333333334
0 0.56540625 0.39945833333333336 0.070875 0.060625000000000005
0 0.8213515625 0.3566666666666667 0.030796875 0.03054166666666667
0 0.7731640625 0.43103125 0.023296875 0.040937499999999995
0 0.530609375 0.37917708333333333 0.01984375 0.01872916666666667
0 0.6491328125 0.3586770833333333 0.013234375000000001 0.014979166666666667
0 0.8536562499999999 0.35911458333333335 0.03371875 0.034770833333333334
