0 0.9321953125 0.6375104166666666 0.13370312499999998 0.09318749999999999
0 0.08058593750000001 0.6200312499999999 0.159203125 0.06260416666666667
0 0.5041640624999999 0.6148645833333333 0.052046875000000006 0.042562499999999996
1 0.8256171875 0.8026145833333334 0.174265625 0.2424375
1 0.6371796875 0.7568333333333332 0.094359375 0.14766666666666667
1 0.373765625 0.6850937500000001 0.039531250000000004 0.050687499999999996
1 0.299703125 0.6548645833333333 0.045125 0.07764583333333334
1 0.324078125 0.6525312499999999 0.02175 0.05264583333333333
1 0.34324999999999994 0.6280833333333333 0.01390625 0.041291666666666664
1 0.49057031249999994 0.7321145833333332 0.046953125 0.08389583333333334
1 0.42456250000000006 0.6927708333333334 0.0454375 0.07545833333333334
0 0.31927343750000003 0.5904062499999999 0.037109375 0.03210416666666667
0 0.11763281249999999 0.815125 0.23526562499999998 0.36300000000000004
1 0.6931953125 0.6813125 0.065515625 0.09829166666666667
1 0.5772890625 0.6840520833333333 0.056515625 0.08352083333333334
1 0.2583125 0.6335520833333332 0.01815625 0.0363125
1 0.531140625 0.6713854166666666 0.0355 0.06931250000000001
1 0.23515625 0.6302083333333334 0.0390625 0.035416666666666666
