0 0.9766562500000001 0.6932558139534885 0.0466875 0.18202959830866805
1 0.252140625 0.7004334038054968 0.31909375 0.40716701902748414
1 0.84853125 0.575031712473573 0.22515625 0.3208033826638478
2 0.445125 0.19766384778012686 0.0965 0.05854122621564482
0 0.733734375 0.2867653276955603 0.09975 0.06668076109936574
0 0.46450781249999995 0.2503911205073996 0.057859375000000005 0.03680761099365751
0 0.5159843749999999 0.2651797040169133 0.056874999999999995 0.05243128964059197
3 0.4519375 0.2033403805496829 0.07240625 0.06710359408033827
2 0.120078125 0.2613107822410148 0.163625 0.11928118393234673
2 0.9601484375 0.27128964059196614 0.079703125 0.13399577167019028
2 0.503296875 0.2313953488372093 0.1320625 0.060718816067653274
2 0.8737109375 0.2643128964059197 0.133015625 0.08308668076109936
2 0.24608593750000002 0.2521987315010571 0.083359375 0.06241014799154334
0 0.9588203125 0.2746088794926004 0.08004687499999999 0.13661733615221988
0 0.8760625 0.26383720930232557 0.13671875 0.07236786469344608
0 0.8430546874999999 0.27195560253699785 0.013734374999999998 0.016300211416490486
2 0.75903125 0.2684355179704017 0.1035 0.06503171247357294
