1 0.6114296875 0.24493927125506074 0.237640625 0.34607287449392715
1 0.7456328125 0.11671052631578946 0.13804687499999999 0.19143724696356273
1 0.377484375 0.14715587044534414 0.28390624999999997 0.22848178137651823
1 0.2395546875 0.14715587044534414 0.256578125 0.27192307692307693
1 0.5880078125 0.07808704453441297 0.145703125 0.123582995951417
1 0.45618749999999997 0.06572874493927125 0.18734375 0.12582995951417003
1 0.900390625 0.15630566801619433 0.17196875 0.24018218623481782
0 0.9461875 0.01915991902834008 0.09625 0.03831983805668016
0 0.7188515625 0.015981781376518216 0.084734375 0.03196356275303643
0 0.826984375 0.023178137651821862 0.14150000000000001 0.046356275303643724
1 0.376796875 0.03445344129554656 0.12865625 0.06890688259109312
1 0.44413281250000003 0.019544534412955464 0.107671875 0.03908906882591093
1 0.2849921875 0.039625506072874496 0.12782812500000001 0.07925101214574899
