0 0.7735799999999999 0.9520783132530122 0.10784 0.08759036144578312
0 0.40213 0.6379819277108434 0.04306 0.055301204819277104
0 0.5776800000000001 0.6558132530120482 0.0592 0.04506024096385543
1 0.21803 0.861144578313253 0.01282 0.04072289156626506
3 0.7968 0.6348343373493975 0.382 0.10563253012048193
0 0.20486000000000001 0.9421987951807229 0.10892 0.11090361445783133
0 0.32689999999999997 0.5683584337349398 0.01828 0.028403614457831326
0 0.34294 0.5439457831325302 0.02184 0.02536144578313253
0 0.06054 0.5539006024096386 0.03144 0.01996987951807229
3 0.36924 0.5835993975903614 0.039119999999999995 0.07551204819277109
3 0.40103999999999995 0.6029066265060241 0.05216 0.07153614457831325
1 0.48969999999999997 0.6669578313253012 0.03772 0.032951807228915664
2 0.20844 0.9451506024096384 0.10484 0.1096987951807229
0 0.36853 0.5406024096385542 0.03074 0.014156626506024096
0 0.11184999999999999 0.5659638554216868 0.02442 0.021265060240963855
0 0.54638 0.5414156626506024 0.03208 0.026506024096385545
