1 0.3240234375 0.4923887587822014 0.075578125 0.08107728337236533
2 0.7878828125 0.5569320843091335 0.220390625 0.19775175644028103
2 0.7157109374999999 0.7870140515222482 0.16123437499999999 0.278711943793911
2 0.4259140625000001 0.21182669789227168 0.048953125 0.06749414519906323
0 0.5155937500000001 0.518887587822014 0.22746875000000003 0.12039812646370023
0 0.15575 0.45277517564402814 0.19615625 0.09772833723653394
0 0.2484765625 0.42227166276346606 0.11395312500000002 0.10637002341920375
0 0.2356328125 0.2737236533957845 0.054890625000000005 0.0692271662763466
0 0.20990625000000002 0.8962529274004684 0.19790625 0.18875878220140513
0 0.659828125 0.24137002341920374 0.048093750000000005 0.05838407494145199
0 0.7311953125 0.3415456674473068 0.086078125 0.07789227166276347
0 0.9430390625000001 0.8179742388758782 0.11392187499999999 0.14381733021077284
0 0.8648125 0.9157845433255268 0.26746875000000003 0.16843091334894614
0 0.450890625 0.8905971896955502 0.15234375 0.2172599531615925
3 0.2314453125 0.07151053864168619 0.034609375 0.060210772833723655
0 0.3854609375 0.36234192037470725 0.078296875 0.08323185011709602
0 0.496859375 0.9694145199063232 0.146 0.03765807962529274
1 0.752671875 0.6548009367681498 0.044937500000000005 0.11063231850117096
1 0.018484375 0.5908782201405153 0.03696875 0.10957845433255269
0 0.048609375 0.42474238875878223 0.09428125000000001 0.05744730679156909
3 0.3393125 0.04359484777517565 0.023375 0.03955503512880562
2 0.43131250000000004 0.2691569086651054 0.05971875 0.07531615925058548
0 0.49921875 0.35714285714285715 0.9953125 0.5784543325526932
