0 0.8381484374999999 0.34547770700636943 0.069234375 0.07983014861995753
0 0.8441562499999999 0.2493312101910828 0.055406250000000004 0.0559447983014862
0 0.74053125 0.2040339702760085 0.0533125 0.035541401273885345
0 0.6212421875 0.17395966029723992 0.044296875 0.030254777070063694
3 0.4754609375 0.45355626326963905 0.560640625 0.4089808917197452
0 0.5459453125 0.15427813163481954 0.038078125000000004 0.030254777070063694
0 0.5123046875 0.14915074309978768 0.033390625 0.02989384288747346
0 0.46988281249999997 0.14907643312101912 0.020359375 0.02507430997876858
0 0.4228828125 0.13392781316348196 0.037765625000000004 0.02704883227176221
1 0.6985078125 0.19581740976645434 0.015953125000000002 0.025180467091295115
0 0.48942187499999995 0.13969214437367303 0.021968750000000002 0.018492569002123146
2 0.436015625 0.1516135881104034 0.021124999999999998 0.02734607218683652
