0 0.81938 0.78612 0.30204000000000003 0.26664
0 0.80203 0.6394 0.05582 0.04253333333333333
0 0.6607000000000001 0.6356133333333333 0.04188 0.07032000000000001
0 0.7241199999999999 0.6435866666666666 0.08288 0.09549333333333333
1 0.6017 0.7010933333333332 0.15268 0.14096
1 0.5050100000000001 0.66744 0.0417 0.05749333333333333
0 0.6396499999999999 0.6212133333333334 0.0583 0.04626666666666667
0 0.60288 0.6144933333333333 0.03284 0.028453333333333334
0 0.9320799999999999 0.66208 0.13584000000000002 0.14373333333333332
0 0.83888 0.6258266666666666 0.0562 0.032613333333333334
0 0.40828 0.6235866666666666 0.03816 0.030906666666666666
1 0.43945999999999996 0.6319466666666667 0.01752 0.03285333333333333
