0 0.5701400000000001 0.4239189189189189 0.11488 0.06783783783783784
0 0.51922 0.38273273273273273 0.050159999999999996 0.038198198198198204
0 0.6995399999999999 0.37076576576576575 0.048119999999999996 0.03576576576576577
0 0.6775699999999999 0.40486486486486484 0.06662 0.047747747747747746
1 0.76108 0.878033033033033 0.16504 0.23426426426426428
1 0.4562 0.8489039039039039 0.109 0.2668168168168168
0 0.49421 0.3700600600600601 0.0179 0.02108108108108108
0 0.21423000000000003 0.40815315315315315 0.03222 0.030240240240240242
0 0.39853999999999995 0.4120720720720721 0.02252 0.02750750750750751
1 0.70319 0.6974024024024025 0.04326 0.16885885885885885
