0 0.240921875 0.7914687499999999 0.15887500000000002 0.10235416666666668
0 0.169703125 0.7848229166666666 0.08984375 0.09697916666666666
0 0.11515625 0.7791250000000001 0.0630625 0.08329166666666667
0 0.40803124999999996 0.7705625 0.13971875 0.119
0 0.31288281249999994 0.7605416666666667 0.072203125 0.029041666666666667
1 0.0565625 0.8381354166666667 0.05840625000000001 0.11306250000000001
1 0.3608984375 0.7958125 0.036734375 0.07633333333333334
1 0.42648437499999997 0.80625 0.0290625 0.07125000000000001
1 0.9678281249999999 0.8079583333333333 0.0609375 0.06483333333333334
0 0.0237265625 0.7608645833333333 0.046703125 0.08072916666666667
