1 0.8951015625000001 0.7686145833333333 0.101703125 0.21214583333333334
0 0.41011718750000004 0.5780729166666667 0.271046875 0.13827083333333334
0 0.06393750000000001 0.5958020833333333 0.12787500000000002 0.11647916666666666
0 0.129125 0.5295208333333333 0.10653125000000001 0.08004166666666666
0 0.5738671875000001 0.48463541666666665 0.026890625 0.025604166666666664
0 0.29011718750000004 0.48728124999999994 0.030953124999999998 0.030104166666666664
0 0.207296875 0.4904791666666667 0.0213125 0.014875
0 0.23298437500000002 0.48661458333333335 0.0170625 0.026395833333333334
0 0.40581249999999996 0.5015520833333333 0.030843749999999996 0.015979166666666666
0 0.33567187499999995 0.49918749999999995 0.091625 0.016291666666666666
0 0.38035156249999996 0.48871875000000004 0.037828125000000004 0.03222916666666667
0 0.030328125 0.4970520833333333 0.05915625 0.0471875
0 0.531078125 0.48679166666666673 0.05609375 0.03170833333333333
0 0.7462578125 0.54834375 0.140234375 0.0948125
0 0.55625 0.5052083333333334 0.284375 0.08541666666666667
