0 0.162140625 0.4478159851301115 0.06634375 0.05775092936802974
0 0.34725 0.44395910780669146 0.0888125 0.032304832713754644
1 0.555578125 0.4908364312267658 0.260125 0.16539033457249072
1 0.51078125 0.7109851301115242 0.6106874999999999 0.4327509293680297
1 0.53334375 0.6180204460966543 0.47184375 0.28752788104089216
1 0.6189765625 0.5404182156133829 0.116234375 0.040427509293680296
0 0.06059375 0.457992565055762 0.0576875 0.057434944237918215
0 0.1116953125 0.4473698884758364 0.042609375 0.04674721189591078
0 0.6192656249999999 0.47321561338289964 0.05625 0.0308550185873606
0 0.292140625 0.43906133828996285 0.047593750000000004 0.037973977695167284
