1 0.41775 0.6338533333333333 0.14809999999999998 0.13165333333333332
1 0.5827100000000001 0.6273733333333333 0.10690000000000001 0.12066666666666667
0 0.70365 0.72696 0.30169999999999997 0.24944000000000002
0 0.30839000000000005 0.5810933333333334 0.06958 0.07536000000000001
0 0.93639 0.6252666666666667 0.12481999999999999 0.12141333333333333
0 0.82352 0.6248933333333333 0.15732 0.11618666666666667
0 0.70128 0.577 0.079 0.049466666666666666
0 0.61988 0.56488 0.049479999999999996 0.058826666666666666
0 0.37704 0.5934666666666667 0.07768000000000001 0.09408
0 0.5551800000000001 0.57504 0.02964 0.04672
