0 0.6581015625 0.7134414225941422 0.176203125 0.1747489539748954
0 0.0471796875 0.5844351464435146 0.09226562499999999 0.05163179916317991
0 0.11674999999999999 0.5786924686192468 0.12362500000000001 0.055753138075313805
0 0.5605390625 0.5965167364016736 0.090609375 0.040230125523012555
0 0.5576640625 0.5698640167364017 0.017015625 0.016129707112970713
0 0.735125 0.5734623430962342 0.0335 0.04115062761506277
0 0.5017265624999999 0.5732008368200836 0.022140625 0.021297071129707114
0 0.24129687500000002 0.5739121338912133 0.078875 0.05280334728033473
0 0.5009765625 0.6410355648535565 0.998046875 0.14169456066945607
1 0.7029062500000001 0.8385983263598327 0.10034375 0.27836820083682007
