0 0.712375 0.7123706896551724 0.22484375 0.21123563218390806
0 0.9453828125000001 0.6483189655172413 0.109234375 0.1370977011494253
0 0.487125 0.6359626436781609 0.07109375 0.0910632183908046
0 0.563375 0.6514367816091954 0.09978125 0.14511494252873564
0 0.4281171875 0.6169396551724138 0.041609375 0.054224137931034484
0 0.8102421875000001 0.6227586206896552 0.092015625 0.08022988505747126
1 0.2915859375 0.6595114942528736 0.085359375 0.11431034482758622
1 0.7448515625000001 0.597801724137931 0.036671875 0.026637931034482757
1 0.7010156249999999 0.5913936781609196 0.0424375 0.0310632183908046
0 0.4060390625 0.5972557471264368 0.033484375 0.057959770114942535
0 0.9151796874999999 0.622787356321839 0.088390625 0.09327586206896551
