1 0.417671875 0.5651145833333333 0.058374999999999996 0.13847916666666665
1 0.65603125 0.5553229166666667 0.05084375 0.1151875
1 0.2310625 0.5341979166666667 0.04659375 0.11181250000000001
1 0.52115625 0.5217604166666666 0.025281249999999998 0.06460416666666667
1 0.44871875 0.5051562500000001 0.021875 0.07039583333333334
0 0.8587109375 0.5139166666666667 0.058984375 0.06291666666666666
0 0.339609375 0.4859375 0.03078125 0.026708333333333334
0 0.29157031250000004 0.4824583333333334 0.037078125 0.04045833333333334
0 0.3295 0.47965625 0.02365625 0.026145833333333333
0 0.82409375 0.5091249999999999 0.02515625 0.03970833333333333
0 0.9252578125000002 0.47404166666666664 0.020921875 0.02266666666666667
0 0.773078125 0.46681249999999996 0.01625 0.023416666666666665
0 0.7616953124999999 0.4682395833333334 0.011609375 0.022604166666666665
0 0.7501640625 0.47010416666666666 0.021078125 0.0285
0 0.7360156250000001 0.44971875 0.01965625 0.01964583333333333
0 0.6966796875 0.45486458333333335 0.019359375 0.0118125
0 0.7899843750000001 0.4603854166666667 0.0145625 0.022770833333333334
0 0.86965625 0.44462500000000005 0.02425 0.017791666666666664
0 0.45390625 0.43333333333333335 0.8859375 0.14166666666666666
