0 0.3421882352941177 0.0602421875 0.08334117647058824 0.051515624999999995
0 0.15456470588235294 0.1303203125 0.12503529411764705 0.059296875000000006
0 0.33198823529411764 0.1727578125 0.11790588235294118 0.062640625
1 0.7503176470588235 0.5022187499999999 0.0772 0.103375
1 0.42561176470588236 0.4109375 0.09207058823529413 0.09090625
1 0.3199294117647059 0.507421875 0.06832941176470587 0.09459375
1 0.5566235294117647 0.170140625 0.05992941176470588 0.05325
1 0.04085882352941176 0.1900625 0.06025882352941176 0.06684375000000001
1 0.3131882352941176 0.2066015625 0.11216470588235294 0.06789062500000001
1 0.4927058823529412 0.1248828125 0.052658823529411765 0.047328125
1 0.5300705882352941 0.071921875 0.03303529411764706 0.03565625
1 0.3978941176470588 0.1501796875 0.061011764705882356 0.052203124999999996
1 0.5073176470588235 0.0502578125 0.032611764705882354 0.033890625
1 0.5114352941176471 0.026078124999999997 0.02955294117647059 0.013343749999999998
0 0.3503058823529412 0.014976562500000002 0.062211764705882355 0.027109375
0 0.3371176470588235 0.10778124999999998 0.08938823529411766 0.053593749999999996
0 0.15736470588235293 0.0921875 0.10164705882352942 0.04890625
0 0.18850588235294116 0.056914062499999994 0.08181176470588236 0.039453125
0 0.20015294117647062 0.026078125 0.07188235294117647 0.03771875
0 0.24131764705882353 0.0108515625 0.05863529411764706 0.021703125
1 0.39145882352941175 0.0871796875 0.043905882352941177 0.038109375
0 0.28214117647058823 0.9842890624999999 0.2768470588235294 0.030921874999999998
0 0.718 0.042507812500000006 0.10851764705882352 0.056234375
1 0.4454941176470588 0.036843749999999995 0.030894117647058825 0.02975
