0 0.155640625 0.913625 0.3080625 0.15054166666666668
1 0.3188984375 0.8892604166666666 0.037859375 0.049604166666666664
1 0.2926171875 0.8875104166666666 0.029765625 0.06127083333333334
1 0.6810703124999999 0.8660729166666666 0.027421875000000002 0.051812500000000004
1 0.524390625 0.8755624999999999 0.040781250000000005 0.08675000000000001
1 0.270703125 0.8872083333333334 0.0365625 0.05
1 0.7027578125 0.8581458333333333 0.018078125 0.078
1 0.95096875 0.8551145833333333 0.04446875 0.04927083333333333
1 0.9090859374999999 0.8619479166666666 0.016890625 0.029020833333333333
1 0.56434375 0.8818645833333334 0.02615625 0.059270833333333335
