0 0.157765625 0.1941549295774648 0.31553125 0.2684037558685446
0 0.6566640625 0.3941431924882629 0.686671875 0.49551643192488265
0 0.20103125 0.1188849765258216 0.39609375 0.23265258215962442
0 0.32458593750000003 0.11279342723004694 0.367953125 0.217981220657277
0 0.4973515625 0.09176056338028168 0.258765625 0.17976525821596243
0 0.0654765625 0.23991784037558686 0.130953125 0.23964788732394368
1 0.589515625 0.49462441314553984 0.53728125 0.5291549295774648
0 0.733125 0.19742957746478873 0.530625 0.21598591549295776
0 0.8195 0.1011737089201878 0.361 0.19765258215962442
0 0.6103515625 0.06194835680751174 0.181859375 0.12107981220657277
