1 0.628921875 0.5785176470588236 0.04321875 0.08621176470588235
0 0.7074296875 0.5454117647058824 0.059578125 0.061129411764705884
0 0.6706328125 0.5402 0.043359375 0.05334117647058824
0 0.946703125 0.5729411764705883 0.08987500000000001 0.08414117647058823
0 0.36798437500000003 0.5406588235294117 0.05796875 0.05962352941176471
0 0.43055468750000003 0.5227647058823529 0.027578125 0.035647058823529414
0 0.8513671875 0.6159176470588235 0.20860937499999999 0.17042352941176472
0 0.34299218750000005 0.5352235294117647 0.022421875 0.052658823529411765
0 0.4161171875 0.5179529411764706 0.004546875000000001 0.023623529411764703
0 0.47292968750000003 0.5305529411764707 0.013328125 0.035552941176470586
0 0.4583828125 0.5290823529411764 0.016515625 0.02828235294117647
0 0.5198046875 0.5384705882352941 0.077796875 0.0943529411764706
