0 0.1332109375 0.5481220657276995 0.059203125 0.0771830985915493
1 0.27092968749999996 0.7717840375586855 0.225984375 0.24234741784037558
1 0.7256640625 0.6647065727699532 0.12151562499999999 0.11326291079812206
1 0.6210781249999999 0.6460328638497653 0.104375 0.1168075117370892
1 0.436140625 0.7047652582159625 0.19959375 0.14089201877934274
1 0.119203125 0.6853638497652581 0.11368750000000001 0.14734741784037558
1 0.050140624999999994 0.62462441314554 0.07028124999999999 0.1068075117370892
1 0.3085703125 0.6299647887323944 0.069546875 0.13955399061032864
1 0.5459765624999999 0.6289319248826292 0.092453125 0.10894366197183097
1 0.6853046875 0.6199882629107981 0.040640625 0.07039906103286385
1 0.8927890625 0.6872183098591549 0.054359375 0.105
1 0.49765625 0.6924882629107981 0.9953125 0.28169014084507044
