0 0.6781953125 0.3929583333333333 0.052015624999999996 0.059041666666666666
0 0.27165625000000004 0.4064270833333333 0.0745 0.06522916666666666
0 0.3971640625 0.403375 0.083703125 0.05579166666666667
0 0.49576562500000004 0.39947916666666666 0.0833125 0.060375
0 0.8926953124999999 0.39314583333333336 0.093421875 0.09474999999999999
0 0.142171875 0.4081041666666667 0.06725 0.06116666666666667
0 0.445375 0.3932604166666666 0.0359375 0.036229166666666666
1 0.4893515625 0.5651354166666667 0.9719843750000001 0.8569375
0 0.7903203125 0.39703125 0.128109375 0.1006875
0 0.72471875 0.39575 0.06659375 0.051666666666666666
0 0.5698046875 0.40568750000000003 0.062328125 0.04004166666666666
0 0.18553906250000002 0.40431249999999996 0.022859375 0.02383333333333333
0 0.8720000000000001 0.37855208333333334 0.037875 0.024729166666666667
0 0.309671875 0.39319791666666665 0.0173125 0.0353125
