0 0.936109375 0.14644028103044496 0.12778125 0.11798594847775176
0 0.26565625000000004 0.11505854800936767 0.0720625 0.034192037470725994
0 0.11763281249999999 0.1251639344262295 0.11770312499999999 0.048875878220140515
0 0.5194296875 0.11440281030444964 0.041390625 0.027025761124121778
0 0.3302421875 0.16279859484777517 0.134921875 0.06836065573770492
0 0.7189375 0.11444964871194378 0.051000000000000004 0.030679156908665104
0 0.0709375 0.11407494145199064 0.04328125 0.038032786885245896
1 0.2297109375 0.549519906323185 0.326953125 0.7991334894613583
1 0.5224062500000001 0.3626346604215457 0.29853125 0.42953161592505856
1 0.7565781250000001 0.2902927400468384 0.26284375 0.3449414519906323
0 0.43532031250000003 0.13827868852459016 0.105484375 0.05
0 0.6256171875 0.11451990632318501 0.036390624999999996 0.023981264637002342
0 0.192921875 0.10365339578454334 0.053031249999999995 0.041733021077283376
0 0.8524062500000001 0.13818501170960187 0.03653125 0.05327868852459016
0 0.4717109375 0.10265807962529275 0.020140625000000002 0.03454332552693208
0 0.34834375 0.09243559718969555 0.04290625 0.018688524590163937
