0 0.9092890625000001 0.07291079812206573 0.147171875 0.11375586854460094
0 0.75528125 0.08204225352112676 0.1923125 0.10262910798122066
1 0.515625 0.5333920187793427 0.060750000000000005 0.13978873239436618
1 0.37259375 0.5183568075117371 0.0335 0.13615023474178403
1 0.8154453125 0.5627230046948357 0.048765625 0.13389671361502348
1 0.6060703125 0.5383920187793427 0.055359375 0.1285680751173709
1 0.673125 0.5488849765258216 0.0476875 0.12561032863849764
1 0.43757812500000004 0.5218309859154929 0.0704375 0.13868544600938967
1 0.27882812500000004 0.5080164319248827 0.05028125 0.13561032863849767
1 0.14636718750000002 0.49468309859154935 0.06085937500000001 0.13640845070422536
0 0.52084375 0.06698356807511738 0.0273125 0.024061032863849766
