0 0.3669296875 0.9391451990632318 0.033421875000000004 0.05412177985948478
0 0.08809375 0.9257728337236534 0.029031249999999998 0.03866510538641687
1 0.6787109375 0.9464871194379391 0.032140625 0.06421545667447308
1 0.7170234375 0.9599063231850117 0.057796875000000004 0.05775175644028103
1 0.806953125 0.9554449648711945 0.05159375000000001 0.05613583138173302
1 0.9398125 0.9568501170960187 0.03621875 0.06320843091334895
0 0.1626796875 0.9221545667447306 0.009390625 0.02449648711943794
0 0.15096875 0.9107494145199064 0.013468749999999998 0.02271662763466042
0 0.180375 0.931943793911007 0.0369375 0.05278688524590164
1 0.884375 0.9583840749414521 0.05646875 0.05878220140515223
1 0.31940625 0.9640398126463701 0.09465625 0.06985948477751756
1 0.8502109375000002 0.9553395784543326 0.020140625000000002 0.050304449648711946
