0 0.1646484375 0.18370023419203746 0.20329687500000002 0.197423887587822
0 0.600734375 0.11070257611241217 0.13296875 0.1033255269320843
0 0.26090625 0.06859484777517565 0.10540624999999999 0.05831381733021077
0 0.09932031250000001 0.06202576112412178 0.049140625 0.054496487119437935
0 0.174578125 0.05947306791569087 0.057374999999999995 0.04896955503512881
0 0.165328125 0.05548009367681498 0.08809375 0.05170960187353629
0 0.10110937500000002 0.029016393442622954 0.03503125 0.020515222482435598
0 0.02884375 0.05866510538641685 0.0415625 0.05245901639344262
1 0.3666484375 0.7331030444964872 0.676203125 0.5135128805620609
1 0.46403125 0.22785714285714284 0.092 0.20807962529274004
0 0.052976562500000005 0.03483606557377049 0.040109375 0.035995316159250584
