0 0.16513541666666667 0.48186718749999996 0.33027083333333335 0.178296875
0 0.4263125 0.5067109375000001 0.226625 0.102859375
0 0.91440625 0.45608593750000004 0.13602083333333334 0.032171875
0 0.5386875 0.4553828125 0.06883333333333333 0.032265625
0 0.5241250000000001 0.45296875000000003 0.058666666666666666 0.02340625
1 0.5230937499999999 0.59590625 0.3048958333333333 0.2604375
1 0.8399895833333333 0.5853046875000001 0.3066875 0.216765625
1 0.15242708333333335 0.6059687500000001 0.22039583333333335 0.29228125
1 0.9802916666666666 0.5473671875 0.03941666666666667 0.11382812499999999
0 0.9791979166666667 0.4819453125 0.041604166666666664 0.039203125
0 0.83503125 0.462328125 0.16527083333333334 0.032
