0 0.8982421875 0.38673708920187794 0.181796875 0.13333333333333333
1 0.3417890625 0.5426995305164319 0.186984375 0.42920187793427234
1 0.63709375 0.6218309859154929 0.24371874999999998 0.5499530516431925
1 0.470421875 0.48502347417840375 0.12415625 0.2831455399061033
0 0.65128125 0.40076291079812204 0.3134375 0.312887323943662
0 0.405625 0.3389788732394366 0.021124999999999998 0.022276995305164318
0 0.3698203125 0.33539906103286393 0.014296875 0.015352112676056339
0 0.4787421875000001 0.33868544600938966 0.013234375000000001 0.01568075117370892
0 0.4521796875 0.33788732394366194 0.021671875 0.01971830985915493
0 0.2104140625 0.3441666666666666 0.045546875 0.030868544600938966
