0 0.44469531249999994 0.48518779342723006 0.023703125 0.031549295774647886
0 0.46451562499999993 0.48504694835680756 0.02034375 0.01915492957746479
0 0.4157265625 0.4859389671361502 0.024921875 0.0307981220657277
1 0.8870546875 0.6220657276995305 0.22589062499999998 0.2328169014084507
1 0.51615625 0.5801408450704225 0.07153125 0.11051643192488263
1 0.6799453125 0.5461267605633803 0.065953125 0.13413145539906104
1 0.7840234375 0.6057746478873239 0.07357812500000001 0.14244131455399062
1 0.0121640625 0.5246478873239436 0.024328125 0.06211267605633803
1 0.030359375 0.5119131455399061 0.04165625 0.07748826291079812
1 0.066078125 0.5115727699530517 0.0578125 0.06600938967136151
1 0.09544531249999999 0.5128403755868545 0.026328125 0.05117370892018779
1 0.637 0.5229225352112675 0.047531250000000004 0.09302816901408452
1 0.6305 0.5128286384976526 0.04071875 0.08049295774647887
1 0.1840859375 0.5041549295774648 0.05254687500000001 0.058779342723004696
1 0.655359375 0.5376995305164319 0.045125 0.10286384976525821
1 0.815890625 0.568755868544601 0.17459375 0.16704225352112675
1 0.4453125 0.5469483568075117 0.70625 0.23943661971830985
